3;648000
9;2708000
15;4377000
21;6389000
27;7193000
33;6232000
39;6170000
45;5880000
51;4549000
57;4721000
63;4799000
69;4118000
75;3363000
81;4211000
87;5194000
93;4081000
99;4051000
105;4339000
111;4827000
117;5492000
123;6977000
129;10544000
135;3972000
141;4474000
147;2601000
153;2779000
159;2879000
165;1955000
171;2366000
177;2889000
183;2716000
189;3099000
195;2308000
201;2891000
207;2895000
213;2731000
219;2895000
225;2953000
231;3279000
237;1968000
243;1970000
249;2003000
255;2051000
261;2185000
267;2958000
273;4106000
279;3550000
285;3297000
291;2412000
297;2580000
303;5458000
309;3969000
315;3894000
321;4327000
327;4458000
333;4074000
339;2766000
345;2782000
351;2992000
357;3105000
363;4349000
369;4957000
375;3882000
381;3043000
387;3600000
393;3185000
399;3247000
405;3359000
411;4149000
417;5375000
423;4487000
429;3540000
435;4255000
441;3702000
447;3678000
453;4726000
459;5578000
465;6062000
471;5991000
477;5082000
483;4092000
489;4043000
495;4497000
501;4116000
507;4081000
513;4680000
519;4263000
525;4189000
531;3200000
537;2671000
543;2752000
549;3275000
555;2756000
561;2783000
567;3269000
573;2838000
579;2882000
585;3346000
591;2914000
597;2979000
603;3337000
609;3047000
615;3508000
621;3067000
627;3023000
633;3543000
639;3212000
645;3705000
651;3161000
657;3261000
663;3668000
669;3429000
675;3827000
681;3343000
687;3486000
693;3824000
699;3565000
705;3978000
711;3553000
717;4085000
723;3662000
729;4180000
735;3667000
741;4321000
747;3763000
753;3721000
759;4225000
765;4084000
771;4379000
777;3993000
783;4393000
789;3991000
795;5045000
801;4106000
807;4592000
813;4146000
819;4736000
825;4153000
831;4756000
837;4289000
843;5556000
849;4315000
855;4759000
861;5057000
867;4489000
873;5158000
879;4575000
885;5019000
891;4515000
897;5019000
903;4701000
909;5058000
915;5332000
921;4790000
927;5256000
933;4725000
939;5376000
945;5821000
951;4870000
957;6770000
963;6366000
969;5947000
975;6157000
981;5386000
987;5466000
993;5187000
999;5642000
1005;5948000
1011;5328000
1017;5846000
1023;6258000
1029;6681000
1035;5913000
1041;5516000
1047;5933000
1053;5949000
1059;5508000
1065;5949000
1071;6194000
1077;5969000
1083;5908000
1089;6082000
1095;5787000
1101;6025000
1107;6252000
1113;7232000
1119;9507000
1125;6330000
1131;6343000
1137;5853000
1143;9093000
1149;6400000
1155;6876000
1161;5879000
1167;6457000
1173;6948000
1179;5816000
1185;6546000
1191;6591000
1197;6695000
1203;6245000
1209;6598000
1215;9286000
1221;9794000
1227;9041000
1233;6472000
1239;6857000
1245;7185000
1251;8034000
1257;9932000
1263;6904000
1269;7043000
1275;7440000
1281;7253000
1287;6425000
1293;9754000
1299;7739000
1305;7215000
1311;7364000
1317;7679000
1323;6607000
1329;9892000
1335;7938000
1341;7616000
1347;7381000
1353;8193000
1359;8845000
1365;7636000
1371;7365000
1377;7627000
1383;7855000
1389;7990000
1395;8814000
1401;9077000
1407;8173000
1413;7649000
1419;7847000
1425;7989000
1431;8266000
1437;9661000
1443;8333000
1449;8986000
1455;8503000
1461;7601000
1467;10845000
1473;9001000
1479;8489000
1485;8372000
1491;8364000
1497;8826000
1503;8838000
1509;8619000
1515;8722000
1521;8639000
1527;8700000
1533;8717000
1539;9885000
1545;10343000
1551;9156000
1557;9022000
1563;9260000
1569;9927000
1575;11222000
1581;9477000
1587;9289000
1593;9467000
1599;9426000
1605;9650000
1611;9542000
1617;9366000
1623;9601000
1629;10734000
1635;10748000
1641;9411000
1647;9158000
1653;10689000
1659;10641000
1665;9626000
1671;9390000
1677;9591000
1683;10894000
1689;12024000
1695;9637000
1701;9510000
1707;9382000
1713;10930000
1719;10235000
1725;10085000
1731;10083000
1737;9685000
1743;9836000
1749;9930000
1755;10043000
1761;10109000
1767;10386000
1773;11652000
1779;11660000
1785;11310000
1791;10009000
1797;11693000
1803;10545000
1809;12511000
1815;13507000
1821;13800000
1827;11628000
1833;11735000
1839;10225000
1845;10134000
1851;9933000
1857;14424000
1863;10968000
1869;12121000
1875;11158000
1881;10335000
1887;10160000
1893;14758000
1899;10799000
1905;10681000
1911;10758000
1917;10882000
1923;11618000
1929;11055000
1935;10873000
1941;10915000
1947;15550000
1953;11409000
1959;11111000
1965;10760000
1971;12234000
1977;11457000
1983;11082000
1989;11147000
1995;12458000
2001;13318000
2007;16772000
2013;12084000
2019;11903000
2025;11346000
2031;11380000
2037;11234000
2043;13432000
2049;12546000
2055;11094000
2061;12125000
2067;13388000
2073;12563000
2079;12818000
2085;11942000
2091;11269000
2097;13102000
2103;12213000
2109;14320000
2115;14332000
2121;13423000
2127;13098000
2133;13035000
2139;13990000
2145;11720000
2151;12763000
2157;12171000
2163;11578000
2169;15215000
2175;12178000
2181;14780000
2187;13118000
2193;14639000
2199;13715000
2205;13154000
2211;12580000
2217;13299000
2223;12676000
2229;13632000
2235;13068000
2241;12982000
2247;13583000
2253;12641000
2259;13797000
2265;13249000
2271;14097000
2277;12835000
2283;12247000
2289;13235000
2295;12531000
2301;13126000
2307;12580000
2313;13677000
2319;13191000
2325;13858000
2331;13192000
2337;14055000
2343;13249000
2349;14565000
2355;13443000
2361;14517000
2367;13480000
2373;14774000
2379;13273000
2385;14462000
2391;13598000
2397;14560000
2403;13715000
2409;14928000
2415;13731000
2421;14499000
2427;14325000
2433;15186000
2439;13943000
2445;15033000
2451;13811000
2457;14906000
2463;13510000
2469;14425000
2475;15004000
2481;14097000
2487;14679000
2493;14191000
2499;16057000
2505;14155000
2511;14624000
2517;15594000
2523;14246000
2529;14926000
2535;14306000
2541;15307000
2547;15938000
2553;14992000
2559;15591000
2565;14596000
2571;15468000
2577;16222000
2583;15421000
2589;15523000
2595;17712000
2601;15008000
2607;15154000
2613;15958000
2619;14599000
2625;18276000
2631;16110000
2637;14785000
2643;15501000
2649;16345000
2655;15073000
2661;15707000
2667;17125000
2673;15238000
2679;15772000
2685;16237000
2691;15325000
2697;15909000
2703;16081000
2709;15184000
2715;15859000
2721;16103000
2727;17104000
2733;17317000
2739;16142000
2745;16714000
2751;16821000
2757;18000000
2763;16281000
2769;16532000
2775;16861000
2781;18157000
2787;16924000
2793;16503000
2799;17488000
2805;17281000
2811;16381000
2817;18124000
2823;18291000
2829;15838000
2835;18451000
2841;17288000
2847;19848000
2853;17431000
2859;16128000
2865;16917000
2871;17064000
2877;18541000
2883;18226000
2889;18039000
2895;16370000
2901;17222000
2907;17001000
2913;17207000
2919;18046000
2925;19934000
2931;16196000
2937;16989000
2943;16979000
2949;18294000
2955;17683000
2961;17852000
2967;18588000
2973;16903000
2979;17635000
2985;17591000
2991;18601000
2997;19829000
3003;17970000
3009;17889000
3015;17943000
3021;19005000
3027;19924000
3033;19477000
3039;17668000
3045;17884000
3051;18350000
3057;18464000
3063;18274000
3069;18433000
3075;18248000
3081;18904000
3087;18984000
3093;19260000
3099;19780000
3105;20578000
3111;19788000
3117;19638000
3123;19628000
3129;19580000
3135;19994000
3141;19725000
3147;19806000
3153;19947000
3159;20375000
3165;21387000
3171;21493000
3177;20640000
3183;21443000
3189;19644000
3195;22564000
3201;19662000
3207;19313000
3213;20509000
3219;20020000
3225;21309000
3231;20920000
3237;19169000
3243;19388000
3249;19150000
3255;19091000
3261;19607000
3267;19211000
3273;19360000
3279;21213000
3285;22318000
3291;20579000
3297;21692000
3303;21125000
3309;19718000
3315;23539000
3321;20090000
3327;19422000
3333;19602000
3339;24005000
3345;21062000
3351;20675000
3357;20488000
3363;20444000
3369;20327000
3375;19819000
3381;20070000
3387;22046000
3393;20837000
3399;20375000
3405;23004000
3411;19812000
3417;23273000
3423;21824000
3429;21283000
3435;20859000
3441;21018000
3447;20615000
3453;20883000
3459;22427000
3465;21450000
3471;20850000
3477;20269000
3483;20419000
3489;23000000
3495;22492000
3501;21002000
3507;20488000
3513;25582000
3519;25827000
3525;21084000
3531;20577000
3537;25440000
3543;26218000
3549;21154000
3555;20328000
3561;26466000
3567;25115000
3573;24258000
3579;24309000
3585;22867000
3591;26646000
3597;21975000
3603;20745000
3609;25868000
3615;24361000
3621;21796000
3627;28931000
3633;26480000
3639;22280000
3645;24099000
3651;26007000
3657;24483000
3663;21536000
3669;22964000
3675;22156000
3681;21579000
3687;23452000
3693;22668000
3699;21927000
3705;23431000
3711;22587000
3717;24466000
3723;26581000
3729;22582000
3735;23905000
3741;26200000
3747;21940000
3753;23961000
3759;22736000
3765;25125000
3771;26383000
3777;22807000
3783;24361000
3789;28347000
3795;24753000
3801;26145000
3807;22889000
3813;24289000
3819;26876000
3825;25205000
3831;27936000
3837;22326000
3843;27596000
3849;22778000
3855;24160000
3861;27082000
3867;24749000
3873;26891000
3879;24929000
3885;31507000
3891;27201000
3897;26708000
3903;22517000
3909;27095000
3915;24462000
3921;25838000
3927;24024000
3933;25887000
3939;23498000
3945;27337000
3951;23836000
3957;25145000
3963;25657000
3969;27262000
3975;28870000
3981;25547000
3987;26376000
3993;28836000
3999;26779000
4005;27996000
4011;26513000
4017;27500000
4023;28018000
4029;27030000
4035;25745000
4041;27273000
4047;25413000
4053;27164000
4059;28096000
4065;28236000
4071;27276000
4077;25536000
4083;27109000
4089;24852000
4095;26610000
4101;27696000
4107;26256000
4113;27714000
4119;25674000
4125;27375000
4131;27283000
4137;26672000
4143;31031000
4149;27715000
4155;26819000
4161;28580000
4167;26208000
4173;26927000
4179;29187000
4185;25738000
4191;30700000
4197;26788000
4203;30292000
4209;33283000
4215;28718000
4221;27101000
4227;32272000
4233;28925000
4239;26957000
4245;36358000
4251;27890000
4257;26543000
4263;26225000
4269;32097000
4275;28872000
4281;26202000
4287;31176000
4293;27891000
4299;26951000
4305;27672000
4311;31155000
4317;31135000
4323;26931000
4329;32136000
4335;33388000
4341;28025000
4347;26837000
4353;30171000
4359;31178000
4365;28426000
4371;29309000
4377;30136000
4383;31148000
4389;28881000
4395;27096000
4401;27788000
4407;31096000
4413;32976000
4419;28759000
4425;26899000
4431;28002000
4437;31054000
4443;32247000
4449;28910000
4455;27584000
4461;28135000
4467;38427000
4473;32451000
4479;32443000
4485;28952000
4491;27149000
4497;30142000
4503;29843000
4509;30365000
4515;33946000
4521;31932000
4527;29045000
4533;29696000
4539;28636000
4545;30389000
4551;30043000
4557;31098000
4563;31864000
4569;32241000
4575;32498000
4581;29519000
4587;27923000
4593;28112000
4599;30944000
4605;30363000
4611;32928000
4617;30915000
4623;32383000
4629;32771000
4635;33425000
4641;41570000
4647;33738000
4653;33489000
4659;32551000
4665;29518000
4671;28552000
4677;28582000
4683;28426000
4689;28882000
4695;31169000
4701;31007000
4707;31117000
4713;31124000
4719;30630000
4725;31004000
4731;31186000
4737;32934000
4743;31953000
4749;31560000
4755;31223000
4761;31425000
4767;31752000
4773;34242000
4779;34682000
4785;32689000
4791;32821000
4797;34267000
4803;34249000
4809;36176000
4815;33214000
4821;32900000
4827;32641000
4833;33493000
4839;33421000
4845;33629000
4851;35340000
4857;34227000
4863;33358000
4869;34637000
4875;31923000
4881;32052000
4887;35863000
4893;36963000
4899;33719000
4905;34151000
4911;33002000
4917;32743000
4923;34906000
4929;35049000
4935;33305000
4941;36422000
4947;33905000
4953;33849000
4959;35636000
4965;32713000
4971;35663000
4977;37125000
4983;35701000
4989;33519000
4995;33452000
5001;36327000
5007;33196000
5013;33662000
5019;39801000
5025;38575000
5031;40751000
5037;33841000
5043;34642000
5049;37940000
5055;34954000
5061;35507000
5067;34389000
5073;33941000
5079;36330000
5085;35332000
5091;34712000
5097;33317000
5103;37940000
5109;33863000
5115;33633000
5121;34604000
5127;35571000
5133;39820000
5139;36634000
5145;39496000
5151;37339000
5157;36078000
5163;34584000
5169;36681000
5175;39028000
5181;34462000
5187;35548000
5193;33948000
5199;37445000
5205;35741000
5211;35724000
5217;38517000
5223;35494000
5229;33671000
5235;37299000
5241;35084000
5247;37151000
5253;39849000
5259;36685000
5265;35683000
5271;42146000
5277;34567000
5283;34575000
5289;37594000
5295;35424000
5301;36277000
5307;38825000
5313;35520000
5319;38350000
5325;37434000
5331;37466000
5337;40650000
5343;35395000
5349;34712000
5355;37442000
5361;34938000
5367;43646000
5373;42273000
5379;36377000
5385;38929000
5391;36951000
5397;40530000
5403;38257000
5409;38201000
5415;40381000
5421;36812000
5427;40058000
5433;35297000
5439;38746000
5445;37157000
5451;38226000
5457;36350000
5463;35561000
5469;40824000
5475;35887000
5481;44037000
5487;37418000
5493;40692000
5499;40153000
5505;39137000
5511;37641000
5517;40478000
5523;36279000
5529;39380000
5535;38623000
5541;41393000
5547;35782000
5553;40084000
5559;37011000
5565;39247000
5571;40253000
5577;39889000
5583;37338000
5589;44436000
5595;40814000
5601;38050000
5607;41057000
5613;36690000
5619;38640000
5625;40011000
5631;39872000
5637;37955000
5643;40027000
5649;40018000
5655;37912000
5661;39549000
5667;36236000
5673;42674000
5679;39743000
5685;38695000
5691;39428000
5697;43612000
5703;41760000
5709;40768000
5715;38170000
5721;41036000
5727;38405000
5733;40689000
5739;40212000
5745;38010000
5751;41239000
5757;40675000
5763;37942000
5769;42848000
5775;40721000
5781;38491000
5787;41784000
5793;41322000
5799;38707000
5805;46419000
5811;43481000
5817;41374000
5823;40589000
5829;40895000
5835;38202000
5841;40798000
5847;41571000
5853;41085000
5859;38550000
5865;41248000
5871;41301000
5877;38670000
5883;40717000
5889;40921000
5895;41471000
5901;39221000
5907;46388000
5913;44851000
5919;42407000
5925;38229000
5931;42161000
5937;46680000
5943;41356000
5949;40572000
5955;41638000
5961;40655000
5967;43049000
5973;41297000
5979;40661000
5985;41026000
5991;40922000
5997;41602000
6003;38979000
6009;47329000
6015;44746000
6021;43058000
6027;41693000
6033;43567000
6039;40812000
6045;44231000
6051;42197000
6057;41642000
6063;42031000
6069;42854000
6075;40876000
6081;42011000
6087;43677000
6093;42552000
6099;44452000
6105;42193000
6111;51506000
6117;41482000
6123;43359000
6129;41983000
6135;43457000
6141;44272000
6147;43043000
6153;43947000
6159;44775000
6165;46287000
6171;45760000
6177;45542000
6183;41858000
6189;45575000
6195;47608000
6201;44935000
6207;44093000
6213;44386000
6219;46205000
6225;43396000
6231;43252000
6237;46184000
6243;43138000
6249;43377000
6255;44360000
6261;44998000
6267;44467000
6273;44649000
6279;48025000
6285;45381000
6291;47945000
6297;48682000
6303;45972000
6309;43446000
6315;43939000
6321;46067000
6327;46798000
6333;46057000
6339;46815000
6345;44352000
6351;46401000
6357;44276000
6363;45782000
6369;43498000
6375;48087000
6381;44915000
6387;46128000
6393;45841000
6399;49904000
6405;45357000
6411;45609000
6417;46142000
6423;48933000
6429;48708000
6435;49720000
6441;46102000
6447;45086000
6453;46362000
6459;48817000
6465;49626000
6471;46760000
6477;49928000
6483;48700000
6489;46117000
6495;44652000
6501;46980000
6507;46392000
6513;49187000
6519;43757000
6525;46836000
6531;45706000
6537;44784000
6543;51358000
6549;46603000
6555;50986000
6561;45333000
6567;49189000
6573;44550000
6579;50257000
6585;48807000
6591;45899000
6597;48394000
6603;49380000
6609;47728000
6615;50829000
6621;48209000
6627;48990000
6633;46249000
6639;47409000
6645;51781000
6651;45994000
6657;47874000
6663;46682000
6669;51733000
6675;48130000
6681;47467000
6687;46836000
6693;51179000
6699;47733000
6705;48660000
6711;47359000
6717;48952000
6723;44893000
6729;50942000
6735;44774000
6741;48474000
6747;47650000
6753;45462000
6759;48355000
6765;44739000
6771;47890000
6777;50860000
6783;49398000
6789;48562000
6795;48344000
6801;51788000
6807;46213000
6813;45273000
6819;50668000
6825;48950000
6831;49153000
6837;52231000
6843;50270000
6849;46242000
6855;53157000
6861;48311000
6867;49742000
6873;49156000
6879;46809000
6885;50808000
6891;48956000
6897;46442000
6903;50118000
6909;47708000
6915;53817000
6921;48261000
6927;49423000
6933;54991000
6939;47200000
6945;54841000
6951;48163000
6957;50291000
6963;49944000
6969;48872000
6975;52563000
6981;49151000
6987;53095000
6993;46291000
6999;52752000
7005;47991000
7011;47465000
7017;56113000
7023;48931000
7029;51623000
7035;49533000
7041;50947000
7047;46524000
7053;53423000
7059;50032000
7065;54584000
7071;50565000
7077;51415000
7083;49376000
7089;55842000
7095;51172000
7101;51987000
7107;47249000
7113;55596000
7119;49278000
7125;50934000
7131;46877000
7137;54129000
7143;51928000
7149;54158000
7155;52842000
7161;48812000
7167;56301000
7173;48016000
7179;56652000
7185;48489000
7191;54017000
7197;49709000
7203;52651000
7209;54258000
7215;47560000
7221;57480000
7227;50020000
7233;52052000
7239;55919000
7245;50411000
7251;53488000
7257;49102000
7263;53904000
7269;53682000
7275;47075000
7281;56320000
7287;54655000
7293;49224000
7299;51908000
7305;47850000
7311;56860000
7317;52980000
7323;49848000
7329;51605000
7335;52938000
7341;48110000
7347;55033000
7353;51557000
7359;48187000
7365;53904000
7371;53600000
7377;50123000
7383;58483000
7389;55665000
7395;53418000
7401;53981000
7407;53540000
7413;55642000
7419;50060000
7425;55036000
7431;58623000
7437;53658000
7443;52044000
7449;57895000
7455;56214000
7461;51531000
7467;56830000
7473;56316000
7479;57625000
7485;48823000
7491;57164000
7497;57088000
7503;56025000
7509;56394000
7515;53410000
7521;57743000
7527;54882000
7533;53599000
7539;52408000
7545;52819000
7551;54572000
7557;56321000
7563;53200000
7569;50690000
7575;55015000
7581;55483000
7587;55114000
7593;56340000
7599;53639000
7605;51183000
7611;54708000
7617;56313000
7623;55084000
7629;53180000
7635;54567000
7641;52012000
7647;60465000
7653;59686000
7659;57036000
7665;55814000
7671;54123000
7677;57236000
7683;56061000
7689;55326000
7695;53453000
7701;58524000
7707;54009000
7713;55982000
7719;57907000
7725;62606000
7731;54790000
7737;54384000
7743;59341000
7749;52371000
7755;55636000
7761;56228000
7767;59807000
7773;54729000
7779;57187000
7785;59537000
7791;57800000
7797;54291000
7803;58364000
7809;56445000
7815;61710000
7821;58309000
7827;53659000
7833;53468000
7839;53710000
7845;56557000
7851;57652000
7857;62301000
7863;55585000
7869;56756000
7875;55924000
7881;56701000
7887;59159000
7893;55088000
7899;56173000
7905;54395000
7911;58227000
7917;60207000
7923;58173000
7929;55085000
7935;55779000
7941;57090000
7947;53854000
7953;55680000
7959;54710000
7965;56703000
7971;55474000
7977;57737000
7983;62573000
7989;63921000
7995;59438000
8001;57816000
8007;63103000
8013;57786000
8019;55729000
8025;54370000
8031;58099000
8037;58154000
8043;58345000
8049;59635000
8055;60472000
8061;57477000
8067;60920000
8073;56967000
8079;56304000
8085;57216000
8091;57644000
8097;61695000
8103;61325000
8109;66533000
8115;56852000
8121;59836000
8127;59214000
8133;55941000
8139;62372000
8145;62889000
8151;58701000
8157;59474000
8163;63613000
8169;64315000
8175;60395000
8181;60465000
8187;60723000
8193;60919000
8199;61046000
8205;59144000
8211;60825000
8217;55743000
8223;58111000
8229;63618000
8235;59614000
8241;56667000
8247;57591000
8253;61293000
8259;62788000
8265;58839000
8271;58745000
8277;62393000
8283;62305000
8289;60057000
8295;58704000
8301;63350000
8307;61466000
8313;60526000
8319;56488000
8325;61521000
8331;62565000
8337;58697000
8343;64396000
8349;62251000
8355;57029000
8361;63014000
8367;64325000
8373;59552000
8379;62226000
8385;60155000
8391;58370000
8397;59423000
8403;67592000
8409;63523000
8415;63362000
8421;60716000
8427;61216000
8433;65857000
8439;58049000
8445;57515000
8451;61803000
8457;62701000
8463;61573000
8469;63712000
8475;64384000
8481;63473000
8487;59904000
8493;60449000
8499;65885000
8505;64558000
8511;61414000
8517;61200000
8523;60643000
8529;69782000
8535;61733000
8541;62085000
8547;63199000
8553;59013000
8559;64071000
8565;57646000
8571;64980000
8577;61094000
8583;67950000
8589;64508000
8595;62217000
8601;59490000
8607;61693000
8613;62074000
8619;58542000
8625;64239000
8631;62910000
8637;63968000
8643;61606000
8649;63936000
8655;62456000
8661;64491000
8667;62114000
8673;65800000
8679;61830000
8685;64157000
8691;57968000
8697;67652000
8703;66423000
8709;62436000
8715;66955000
8721;64293000
8727;62615000
8733;60172000
8739;66491000
8745;65235000
8751;63255000
8757;61524000
8763;66278000
8769;64494000
8775;65256000
8781;64433000
8787;62541000
8793;65061000
8799;64257000
8805;66243000
8811;62118000
8817;65770000
8823;66831000
8829;60368000
8835;68022000
8841;66341000
8847;62248000
8853;65852000
8859;66654000
8865;60695000
8871;62920000
8877;65702000
8883;66459000
8889;62885000
8895;63131000
8901;64889000
8907;61984000
8913;62426000
8919;67954000
8925;63847000
8931;62266000
8937;67213000
8943;67088000
8949;62126000
8955;66212000
8961;65337000
8967;66272000
8973;67064000
8979;64689000
8985;66560000
8991;67654000
8997;67050000
9003;63224000
9009;65426000
9015;64975000
9021;63566000
9027;64459000
9033;64729000
9039;66027000
9045;62893000
9051;74739000
9057;66345000
9063;64302000
9069;63836000
9075;68685000
9081;62317000
9087;69850000
9093;64614000
9099;63497000
9105;64386000
9111;68460000
9117;64943000
9123;64845000
9129;71698000
9135;65092000
9141;65522000
9147;65727000
9153;63879000
9159;72873000
9165;67410000
9171;64388000
9177;67980000
9183;68103000
9189;64597000
9195;69681000
9201;62112000
9207;65335000
9213;68045000
9219;69329000
9225;67661000
9231;66880000
9237;65365000
9243;64645000
9249;69289000
9255;67517000
9261;68646000
9267;65378000
9273;67071000
9279;76621000
9285;69518000
9291;66467000
9297;62424000
9303;70750000
9309;65516000
9315;66394000
9321;68360000
9327;69559000
9333;72063000
9339;64050000
9345;70278000
9351;67140000
9357;71084000
9363;68192000
9369;69265000
9375;69518000
9381;66184000
9387;69073000
9393;65230000
9399;67224000
9405;66950000
9411;70117000
9417;66421000
9423;69674000
9429;70265000
9435;69334000
9441;69325000
9447;67925000
9453;68535000
9459;66201000
9465;67207000
9471;69289000
9477;65190000
9483;65481000
9489;67861000
9495;69500000
9501;67073000
9507;65554000
9513;67030000
9519;71482000
9525;67399000
9531;71125000
9537;71654000
9543;72598000
9549;71784000
9555;71936000
9561;71354000
9567;68757000
9573;67218000
9579;66306000
9585;66178000
9591;67389000
9597;70602000
9603;74109000
9609;70890000
9615;71649000
9621;68916000
9627;72084000
9633;66097000
9639;68198000
9645;71681000
9651;72243000
9657;73775000
9663;69721000
9669;72625000
9675;72228000
9681;71275000
9687;70929000
9693;69112000
9699;74187000
9705;74944000
9711;73066000
9717;73424000
9723;71778000
9729;68833000
9735;73073000
9741;68296000
9747;70478000
9753;69685000
9759;72164000
9765;75517000
9771;73667000
9777;69746000
9783;68750000
9789;67885000
9795;73190000
9801;69143000
9807;70681000
9813;71076000
9819;75626000
9825;71012000
9831;73332000
9837;68270000
9843;67577000
9849;70628000
9855;71952000
9861;72251000
9867;73531000
9873;81191000
9879;70684000
9885;69058000
9891;72417000
9897;72302000
9903;71322000
9909;67648000
9915;78700000
9921;73977000
9927;69255000
9933;71595000
9939;75458000
9945;72802000
9951;79226000
9957;73512000
9963;75475000
9969;75062000
9975;76277000
9981;71275000
9987;71091000
9993;72804000
9999;72922000
10005;76947000
10011;76091000
10017;78057000
10023;75312000
10029;75382000
10035;70640000
10041;74919000
10047;76957000
10053;78966000
10059;76077000
10065;78900000
10071;73002000
10077;74914000
10083;76862000
10089;74663000
10095;72003000
10101;75956000
10107;73736000
10113;81362000
10119;73506000
10125;68449000
10131;72048000
10137;76596000
10143;75979000
10149;70402000
10155;78577000
10161;78084000
10167;72838000
10173;77002000
10179;75306000
10185;71303000
10191;76677000
10197;78137000
10203;76098000
10209;76566000
10215;74388000
10221;76338000
10227;70595000
10233;75249000
10239;71018000
10245;77754000
10251;73707000
10257;76181000
10263;71644000
10269;77474000
10275;73149000
10281;73023000
10287;81488000
10293;71741000
10299;85075000
10305;73683000
10311;77269000
10317;71012000
10323;74608000
10329;74516000
10335;73282000
10341;75984000
10347;77751000
10353;77037000
10359;76085000
10365;74319000
10371;75419000
10377;76102000
10383;73645000
10389;75158000
10395;80445000
10401;74332000
10407;74320000
10413;77643000
10419;75605000
10425;76762000
10431;81697000
10437;73988000
10443;82419000
10449;78880000
10455;76308000
10461;75086000
10467;75082000
10473;74888000
10479;75346000
10485;76263000
10491;77230000
10497;77405000
10503;77676000
10509;77869000
10515;77456000
10521;83257000
10527;72778000
10533;77149000
10539;86318000
10545;74455000
10551;76076000
10557;78469000
10563;76976000
10569;73835000
10575;77252000
10581;80986000
10587;82991000
10593;78628000
10599;77449000
10605;82129000
10611;73947000
10617;78823000
10623;77283000
10629;76395000
10635;79053000
10641;77799000
10647;78678000
10653;76857000
10659;77295000
10665;74739000
10671;77822000
10677;80453000
10683;82980000
10689;76496000
10695;75236000
10701;81401000
10707;78630000
10713;82127000
10719;75812000
10725;77657000
10731;86255000
10737;79430000
10743;78621000
10749;81366000
10755;75237000
10761;75245000
10767;77414000
10773;79443000
10779;84598000
10785;80242000
10791;77493000
10797;83464000
10803;75727000
10809;78975000
10815;78494000
10821;83751000
10827;86374000
10833;81439000
10839;89008000
10845;79171000
10851;83150000
10857;78424000
10863;78272000
10869;81411000
10875;86042000
10881;81879000
10887;80373000
10893;76858000
10899;80695000
10905;80657000
10911;84638000
10917;80664000
10923;83459000
10929;81307000
10935;78904000
10941;84915000
10947;83831000
10953;78293000
10959;76876000
10965;78329000
10971;80339000
10977;86018000
10983;79952000
10989;76907000
10995;76212000
11001;78633000
11007;81351000
11013;79629000
11019;81960000
11025;84354000
11031;78820000
11037;78825000
11043;79098000
11049;83614000
11055;79969000
11061;82171000
11067;89089000
11073;82412000
11079;84618000
11085;81896000
11091;86354000
11097;79045000
11103;79962000
11109;79028000
11115;87274000
11121;81420000
11127;83078000
11133;81514000
11139;79579000
11145;82637000
11151;81005000
11157;82028000
11163;89377000
11169;82291000
11175;79447000
11181;82738000
11187;82893000
11193;82510000
11199;80721000
11205;82156000
11211;85860000
11217;81570000
11223;81861000
11229;86437000
11235;82797000
11241;84403000
11247;79218000
11253;78553000
11259;84563000
11265;85958000
11271;85250000
11277;83387000
11283;80948000
11289;82959000
11295;82654000
11301;90655000
11307;83292000
11313;82432000
11319;79585000
11325;85415000
11331;85590000
11337;79754000
11343;82976000
11349;88892000
11355;86068000
11361;83373000
11367;83147000
11373;82795000
11379;86379000
11385;83472000
11391;83938000
11397;87726000
11403;86798000
11409;80429000
11415;81354000
11421;88248000
11427;85729000
11433;81137000
11439;85762000
11445;87199000
11451;87791000
11457;83811000
11463;85885000
11469;83602000
11475;85543000
11481;88654000
11487;90385000
11493;83680000
11499;89644000
11505;87196000
11511;80160000
11517;90052000
11523;87575000
11529;87007000
11535;90195000
11541;83756000
11547;82827000
11553;85912000
11559;86889000
11565;84050000
11571;93011000
11577;83467000
11583;89742000
11589;84977000
11595;84198000
11601;84938000
11607;82086000
11613;91833000
11619;91818000
11625;86338000
11631;88722000
11637;87332000
11643;90405000
11649;89547000
11655;86634000
11661;89972000
11667;84055000
11673;87493000
11679;87761000
11685;90729000
11691;87376000
11697;86953000
11703;87887000
11709;89116000
11715;87582000
11721;90237000
11727;81805000
11733;87233000
11739;83121000
11745;98673000
11751;88356000
11757;90759000
11763;91962000
11769;88044000
11775;87304000
11781;93216000
11787;85495000
11793;92317000
11799;85593000
11805;88343000
11811;89865000
11817;93190000
11823;92416000
11829;89813000
11835;88654000
11841;84804000
11847;88050000
11853;88621000
11859;87766000
11865;99920000
11871;91033000
11877;88259000
11883;87797000
11889;92711000
11895;89855000
11901;91457000
11907;94536000
11913;90700000
11919;93971000
11925;83767000
11931;95173000
11937;91008000
11943;88057000
11949;96945000
11955;85854000
11961;90988000
11967;94715000
11973;88362000
11979;92065000
11985;88142000
11991;97465000
11997;91748000
12003;89786000
12009;89522000
12015;92663000
12021;88646000
12027;88187000
12033;101679000
12039;96692000
12045;88509000
12051;91295000
12057;91692000
12063;91357000
12069;91627000
12075;99764000
12081;91104000
12087;87236000
12093;91580000
12099;90627000
12105;93877000
12111;88540000
12117;101205000
12123;97439000
12129;88339000
12135;93308000
12141;95399000
12147;95105000
12153;91147000
12159;91789000
12165;92604000
12171;92151000
12177;90930000
12183;91280000
12189;94881000
12195;93815000
12201;93419000
12207;90550000
12213;93509000
12219;95824000
12225;105702000
12231;96518000
12237;89902000
12243;95766000
12249;94240000
12255;92060000
12261;99329000
12267;91542000
12273;94018000
12279;98235000
12285;99269000
12291;100933000
12297;100474000
12303;99318000
12309;98621000
12315;99043000
12321;92584000
12327;94793000
12333;106630000
12339;99976000
12345;94104000
12351;97797000
12357;96664000
12363;94119000
12369;108076000
12375;97995000
12381;97471000
12387;95303000
12393;96388000
12399;92462000
12405;100481000
12411;92409000
12417;89871000
12423;90709000
12429;98092000
12435;93405000
12441;105996000
12447;93209000
12453;100417000
12459;98945000
12465;97668000
12471;95639000
12477;95664000
12483;97415000
12489;91639000
12495;98434000
12501;104396000
12507;95398000
12513;101396000
12519;91638000
12525;97493000
12531;89804000
12537;99353000
12543;96689000
12549;98324000
12555;98161000
12561;96164000
12567;100382000
12573;113719000
12579;98190000
12585;95334000
12591;97255000
12597;98619000
12603;97095000
12609;104331000
12615;97938000
12621;91536000
12627;101540000
12633;96785000
12639;100553000
12645;101688000
12651;93015000
12657;98671000
12663;96629000
12669;94413000
12675;107603000
12681;96331000
12687;96266000
12693;98180000
12699;97515000
12705;100928000
12711;99250000
12717;105279000
12723;94985000
12729;97942000
12735;99504000
12741;101176000
12747;98164000
12753;95760000
12759;103218000
12765;101745000
12771;104040000
12777;95791000
12783;98652000
12789;96480000
12795;95925000
12801;93202000
12807;107168000
12813;100085000
12819;100899000
12825;93792000
12831;100063000
12837;110970000
12843;99680000
12849;94841000
12855;101417000
12861;103446000
12867;103668000
12873;102884000
12879;96739000
12885;100278000
12891;98366000
12897;99648000
12903;107606000
12909;103159000
12915;98746000
12921;99171000
12927;104366000
12933;108735000
12939;95488000
12945;108616000
12951;97647000
12957;100444000
12963;101860000
12969;111507000
12975;95367000
12981;103966000
12987;100488000
12993;98848000
12999;105141000
13005;109419000
13011;100113000
13017;104560000
13023;94892000
13029;102792000
13035;111266000
13041;101455000
13047;108491000
13053;101671000
13059;104504000
13065;104133000
13071;99565000
13077;106401000
13083;95823000
13089;103912000
13095;104069000
13101;99785000
13107;107065000
13113;97128000
13119;101270000
13125;107904000
13131;110231000
13137;103022000
13143;98089000
13149;110812000
13155;101021000
13161;108798000
13167;111921000
13173;101140000
13179;112423000
13185;101695000
13191;108203000
13197;97799000
13203;110269000
13209;103167000
13215;106656000
13221;101193000
13227;114082000
13233;108472000
13239;108494000
13245;98394000
13251;105726000
13257;97940000
13263;108504000
13269;99326000
13275;104131000
13281;102344000
13287;109343000
13293;98999000
13299;112888000
13305;100282000
13311;98117000
13317;103931000
13323;100372000
13329;118423000
13335;97540000
13341;108130000
13347;102779000
13353;99873000
13359;106601000
13365;109199000
13371;103402000
13377;103783000
13383;104710000
13389;111080000
13395;110323000
13401;106558000
13407;103396000
13413;109906000
13419;111610000
13425;110329000
13431;103278000
13437;106147000
13443;100592000
13449;107630000
13455;107471000
13461;108616000
13467;103494000
13473;108955000
13479;109023000
13485;112042000
13491;99421000
13497;114211000
13503;103152000
13509;107096000
13515;103216000
13521;108843000
13527;114078000
13533;98831000
13539;106965000
13545;105083000
13551;102402000
13557;107383000
13563;104913000
13569;108790000
13575;108804000
13581;109054000
13587;117562000
13593;103121000
13599;111539000
13605;108104000
13611;106512000
13617;110394000
13623;112949000
13629;110408000
13635;103138000
13641;105310000
13647;107111000
13653;110106000
13659;108505000
13665;105986000
13671;97592000
13677;113033000
13683;105556000
13689;105168000
13695;112035000
13701;102126000
13707;107728000
13713;105007000
13719;108493000
13725;105496000
13731;101637000
13737;109196000
13743;117315000
13749;105529000
13755;104858000
13761;104543000
13767;107732000
13773;113614000
13779;106676000
13785;102946000
13791;109025000
13797;108554000
13803;111389000
13809;118641000
13815;105587000
13821;105003000
13827;112399000
13833;105129000
13839;119171000
13845;115020000
13851;106940000
13857;113973000
13863;106273000
13869;116025000
13875;104672000
13881;108027000
13887;110993000
13893;110169000
13899;104530000
13905;112661000
13911;109074000
13917;103633000
13923;111179000
13929;114679000
13935;117850000
13941;112364000
13947;104056000
13953;109854000
13959;113530000
13965;118529000
13971;110747000
13977;113343000
13983;104472000
13989;109833000
13995;116484000
14001;104613000
14007;107656000
14013;106520000
14019;113626000
14025;120618000
14031;110126000
14037;106660000
14043;114573000
14049;113199000
14055;117599000
14061;112776000
14067;104678000
14073;112971000
14079;113089000
14085;110327000
14091;109916000
14097;109034000
14103;108717000
14109;107461000
14115;123288000
14121;113013000
14127;111122000
14133;108643000
14139;110304000
14145;120147000
14151;113462000
14157;104290000
14163;107483000
14169;106298000
14175;118830000
14181;113602000
14187;110734000
14193;104766000
14199;112413000
14205;107028000
14211;111422000
14217;112996000
14223;112927000
14229;107362000
14235;112738000
14241;122684000
14247;111406000
14253;107022000
14259;118724000
14265;109368000
14271;122768000
14277;112593000
14283;113172000
14289;114294000
14295;112465000
14301;124460000
14307;110208000
14313;114775000
14319;117319000
14325;115248000
14331;121704000
14337;114633000
14343;113505000
14349;114878000
14355;106435000
14361;123655000
14367;114724000
14373;113626000
14379;112968000
14385;115048000
14391;122371000
14397;113454000
14403;112045000
14409;111868000
14415;120409000
14421;119332000
14427;108164000
14433;112698000
14439;116139000
14445;108654000
14451;113323000
14457;119187000
14463;113633000
14469;110666000
14475;121174000
14481;116289000
14487;123888000
14493;108285000
14499;111052000
14505;114615000
14511;113205000
14517;121266000
14523;117306000
14529;113549000
14535;113422000
14541;112852000
14547;125113000
14553;112799000
14559;112640000
14565;113237000
14571;113336000
14577;121256000
14583;111852000
14589;108030000
14595;111758000
14601;119131000
14607;122026000
14613;111386000
14619;107950000
14625;118023000
14631;117317000
14637;125874000
14643;118459000
14649;111966000
14655;113442000
14661;112490000
14667;125294000
14673;116716000
14679;120278000
14685;115652000
14691;131257000
14697;114928000
14703;108909000
14709;113358000
14715;111008000
14721;110757000
14727;124821000
14733;122044000
14739;110558000
14745;122100000
14751;113608000
14757;136942000
14763;133340000
14769;117699000
14775;110201000
14781;118003000
14787;116852000
14793;119093000
14799;113094000
14805;123355000
14811;120539000
14817;120753000
14823;121313000
14829;118293000
14835;123097000
14841;118633000
14847;125519000
14853;112763000
14859;113373000
14865;117347000
14871;114472000
14877;126964000
14883;117438000
14889;124415000
14895;113837000
14901;118564000
14907;131608000
14913;118769000
14919;122020000
14925;116117000
14931;118093000
14937;127847000
14943;116608000
14949;116862000
14955;125068000
14961;118682000
14967;136845000
14973;112085000
14979;115044000
14985;115040000
14991;117023000
14997;130278000
15003;125891000
15009;119292000
15015;119938000
15021;118324000
15027;122310000
15033;127317000
15039;118814000
15045;122066000
15051;114778000
15057;122751000
15063;120061000
15069;120404000
15075;127026000
15081;116387000
15087;118420000
15093;113717000
15099;121817000
15105;126192000
15111;118832000
15117;114879000
15123;122574000
15129;125496000
15135;125389000
15141;124254000
15147;118638000
15153;122203000
15159;117241000
15165;130017000
15171;117021000
15177;118392000
15183;117168000
15189;120895000
15195;129038000
15201;116834000
15207;123830000
15213;117072000
15219;124245000
15225;126322000
15231;117774000
15237;124950000
15243;115228000
15249;122821000
15255;126648000
15261;116886000
15267;120296000
15273;122363000
15279;116871000
15285;126464000
15291;124481000
15297;116799000
15303;120239000
15309;118296000
15315;133464000
15321;116807000
15327;116170000
15333;124103000
15339;120553000
15345;121808000
15351;117336000
15357;121186000
15363;124210000
15369;132724000
15375;118900000
15381;115641000
15387;122274000
15393;128787000
15399;119586000
15405;115866000
15411;118853000
15417;118419000
15423;120881000
15429;126585000
15435;124457000
15441;123244000
15447;132446000
15453;125998000
15459;123154000
15465;116275000
15471;114964000
15477;129289000
15483;122980000
15489;118421000
15495;127280000
15501;127411000
15507;128722000
15513;123272000
15519;117614000
15525;120112000
15531;125538000
15537;134344000
15543;124076000
15549;119457000
15555;122980000
15561;120336000
15567;136558000
15573;124830000
15579;124822000
15585;126302000
15591;122938000
15597;130153000
15603;124754000
15609;122141000
15615;124794000
15621;125098000
15627;121541000
15633;118947000
15639;117210000
15645;117700000
15651;118549000
15657;130240000
15663;126252000
15669;126137000
15675;120513000
15681;132640000
15687;129724000
15693;120386000
15699;119850000
15705;117629000
15711;131640000
15717;130021000
15723;124425000
15729;122675000
15735;137233000
15741;122618000
15747;118187000
15753;118442000
15759;126446000
15765;132152000
15771;123829000
15777;121483000
15783;116488000
15789;124546000
15795;132398000
15801;125015000
15807;126179000
15813;121463000
15819;121200000
15825;128491000
15831;128294000
15837;131618000
15843;117601000
15849;121378000
15855;132924000
15861;122679000
15867;122827000
15873;120518000
15879;125201000
15885;134130000
15891;123263000
15897;119945000
15903;123858000
15909;124739000
15915;129429000
15921;118829000
15927;124244000
15933;128130000
15939;120214000
15945;128879000
15951;126112000
15957;125648000
15963;121693000
15969;122743000
15975;134445000
15981;129215000
15987;129366000
15993;131284000
15999;130744000
16005;129570000
16011;125510000
16017;123226000
16023;128070000
16029;134610000
16035;130081000
16041;130132000
16047;128641000
16053;130804000
16059;129944000
16065;127031000
16071;126309000
16077;125172000
16083;129044000
16089;120207000
16095;122900000
16101;136064000
16107;131101000
16113;133138000
16119;121075000
16125;128422000
16131;124179000
16137;125896000
16143;136453000
16149;133897000
16155;124407000
16161;125682000
16167;132118000
16173;133949000
16179;124985000
16185;126446000
16191;134704000
16197;128721000
16203;123438000
16209;125466000
16215;133264000
16221;130725000
16227;128634000
16233;126475000
16239;133580000
16245;127485000
16251;128265000
16257;136040000
16263;131365000
16269;141472000
16275;128350000
16281;123800000
16287;126183000
16293;143141000
16299;127197000
16305;136468000
16311;132365000
16317;136973000
16323;129885000
16329;127166000
16335;128514000
16341;129538000
16347;132065000
16353;131570000
16359;131370000
16365;137110000
16371;136453000
16377;129196000
16383;130455000
16389;132641000
16395;135711000
16401;134067000
16407;129378000
16413;132374000
16419;131305000
16425;142791000
16431;131188000
16437;130930000
16443;132415000
16449;135654000
16455;129785000
16461;125993000
16467;130459000
16473;141003000
16479;130535000
16485;129697000
16491;126825000
16497;130538000
16503;128708000
16509;132165000
16515;129943000
16521;130025000
16527;135011000
16533;128570000
16539;129257000
16545;127152000
16551;128180000
16557;145765000
16563;132727000
16569;125289000
16575;129891000
16581;146609000
16587;132106000
16593;125476000
16599;134138000
16605;132374000
16611;127243000
16617;134834000
16623;140080000
16629;134296000
16635;127511000
16641;136419000
16647;133014000
16653;134203000
16659;130273000
16665;136283000
16671;136064000
16677;137342000
16683;129950000
16689;132925000
16695;139012000
16701;132014000
16707;129759000
16713;129454000
16719;138466000
16725;140756000
16731;128439000
16737;128824000
16743;134907000
16749;140708000
16755;137284000
16761;131300000
16767;128029000
16773;143485000
16779;135647000
16785;139723000
16791;132028000
16797;134516000
16803;133532000
16809;136550000
16815;136402000
16821;150682000
16827;144895000
16833;130944000
16839;127293000
16845;128527000
16851;147085000
16857;139147000
16863;137640000
16869;135362000
16875;148881000
16881;129506000
16887;126904000
16893;135718000
16899;129367000
16905;143756000
16911;132270000
16917;138649000
16923;137362000
16929;144345000
16935;140039000
16941;138490000
16947;136455000
16953;141991000
16959;131552000
16965;128654000
16971;123850000
16977;129591000
16983;148746000
16989;138371000
16995;138498000
17001;141053000
17007;146021000
17013;135111000
17019;138204000
17025;134202000
17031;136804000
17037;142544000
17043;138200000
17049;142700000
17055;140296000
17061;147433000
17067;135398000
17073;142359000
17079;134383000
17085;142507000
17091;138850000
17097;126357000
17103;132747000
17109;146670000
17115;143422000
17121;139670000
17127;137091000
17133;149357000
17139;142811000
17145;139201000
17151;143736000
17157;150215000
17163;135163000
17169;140696000
17175;130050000
17181;131009000
17187;144662000
17193;146191000
17199;140720000
17205;136136000
17211;152313000
17217;141039000
17223;141555000
17229;136461000
17235;133039000
17241;157338000
17247;138961000
17253;139091000
17259;139074000
17265;146944000
17271;141148000
17277;131194000
17283;148257000
17289;144729000
17295;138927000
17301;142329000
17307;139377000
17313;138999000
17319;148121000
17325;141544000
17331;141470000
17337;147025000
17343;131896000
17349;136703000
17355;141841000
17361;144692000
17367;144736000
17373;131415000
17379;136934000
17385;146727000
17391;141969000
17397;143050000
17403;141888000
17409;146109000
17415;142427000
17421;134681000
17427;140888000
17433;150212000
17439;141351000
17445;138369000
17451;142214000
17457;145189000
17463;138753000
17469;142361000
17475;140518000
17481;147309000
17487;139369000
17493;141391000
17499;140279000
17505;146687000
17511;129376000
17517;142773000
17523;142443000
17529;146192000
17535;137738000
17541;143993000
17547;133484000
17553;142477000
17559;141416000
17565;145958000
17571;138298000
17577;145365000
17583;140901000
17589;135547000
17595;143326000
17601;145848000
17607;147083000
17613;139907000
17619;139564000
17625;143773000
17631;136476000
17637;139034000
17643;144879000
17649;138986000
17655;149155000
17661;143462000
17667;141704000
17673;141052000
17679;141363000
17685;148743000
17691;145428000
17697;141571000
17703;142866000
17709;149621000
17715;140646000
17721;138301000
17727;142283000
17733;158400000
17739;141674000
17745;150887000
17751;145357000
17757;147475000
17763;134840000
17769;141149000
17775;138569000
17781;148033000
17787;137482000
17793;145551000
17799;140822000
17805;149594000
17811;140390000
17817;144665000
17823;138175000
17829;145344000
17835;141550000
17841;138906000
17847;133635000
17853;161320000
17859;143022000
17865;150396000
17871;145983000
17877;154776000
17883;140518000
17889;143770000
17895;142930000
17901;145518000
17907;150344000
17913;141919000
17919;152338000
17925;151098000
17931;137841000
17937;145105000
17943;138226000
17949;155906000
17955;144500000
17961;148491000
17967;139852000
17973;150536000
17979;152015000
17985;140833000
17991;139019000
17997;157241000
18003;141833000
18009;147204000
18015;142233000
18021;147947000
18027;148602000
18033;139653000
18039;139476000
18045;152086000
18051;139201000
18057;137973000
18063;149050000
18069;148942000
18075;140721000
18081;149867000
18087;139895000
18093;141932000
18099;151258000
18105;146456000
18111;141208000
18117;155526000
18123;154185000
18129;141881000
18135;139261000
18141;155718000
18147;140074000
18153;137060000
18159;145337000
18165;161911000
18171;139911000
18177;136526000
18183;146743000
18189;159282000
18195;145713000
18201;143596000
18207;152843000
18213;156880000
18219;150447000
18225;144951000
18231;137893000
18237;155364000
18243;149845000
18249;145307000
18255;143431000
18261;156985000
18267;151482000
18273;153107000
18279;139237000
18285;150736000
18291;151726000
18297;154067000
18303;151452000
18309;161151000
18315;146702000
18321;142880000
18327;152526000
18333;154867000
18339;147568000
18345;153877000
18351;142265000
18357;145878000
18363;145780000
18369;154957000
18375;150529000
18381;155877000
18387;152755000
18393;149906000
18399;145400000
18405;149524000
18411;145101000
18417;152768000
18423;148762000
18429;151176000
18435;151069000
18441;154546000
18447;155219000
18453;157040000
18459;149708000
18465;154063000
18471;145971000
18477;148991000
18483;141258000
18489;146351000
18495;144555000
18501;152658000
18507;159815000
18513;150075000
18519;153899000
18525;150296000
18531;151653000
18537;146784000
18543;154472000
18549;149542000
18555;152567000
18561;148437000
18567;157668000
18573;146641000
18579;156440000
18585;153041000
18591;152632000
18597;145217000
18603;160236000
18609;152535000
18615;152711000
18621;152087000
18627;156017000
18633;142491000
18639;148009000
18645;152278000
18651;157215000
18657;150804000
18663;155822000
18669;149643000
18675;161503000
18681;152763000
18687;154295000
18693;152144000
18699;160327000
18705;153084000
18711;157315000
18717;153239000
18723;151792000
18729;150889000
18735;154674000
18741;162738000
18747;151084000
18753;155585000
18759;153622000
18765;161053000
18771;155244000
18777;156147000
18783;153810000
18789;161078000
18795;149369000
18801;157858000
18807;157755000
18813;159136000
18819;154900000
18825;151906000
18831;151502000
18837;162622000
18843;161556000
18849;154350000
18855;153404000
18861;158432000
18867;152150000
18873;160881000
18879;156939000
18885;158165000
18891;152359000
18897;154785000
18903;164026000
18909;150867000
18915;152225000
18921;151693000
18927;164558000
18933;151663000
18939;155407000
18945;152415000
18951;165948000
18957;156917000
18963;150592000
18969;153209000
18975;165461000
18981;153420000
18987;153127000
18993;155387000
18999;163726000
19005;154778000
19011;153883000
19017;161001000
19023;159045000
19029;153151000
19035;151041000
19041;158854000
19047;152577000
19053;149486000
19059;165996000
19065;152187000
19071;157029000
19077;161091000
19083;159076000
19089;152688000
19095;160801000
19101;161032000
19107;151759000
19113;163363000
19119;158781000
19125;164810000
19131;153280000
19137;154041000
19143;154566000
19149;156352000
19155;153850000
19161;155522000
19167;159867000
19173;164040000
19179;151857000
19185;154882000
19191;153242000
19197;151213000
19203;161043000
19209;155041000
19215;161689000
19221;152422000
19227;156505000
19233;159919000
19239;159561000
19245;166432000
19251;152981000
19257;160038000
19263;159925000
19269;158010000
19275;151235000
19281;150269000
19287;162625000
19293;152223000
19299;147774000
19305;150945000
19311;165359000
19317;153640000
19323;159145000
19329;155869000
19335;160308000
19341;154362000
19347;163347000
19353;151463000
19359;160591000
19365;155058000
19371;160647000
19377;153712000
19383;151087000
19389;163935000
19395;155578000
19401;159819000
19407;155296000
19413;168425000
19419;154164000
19425;155356000
19431;170519000
19437;155117000
19443;157045000
19449;150905000
19455;165671000
19461;154848000
19467;163465000
19473;164017000
19479;159936000
19485;160901000
19491;156446000
19497;165872000
19503;155738000
19509;152814000
19515;163784000
19521;157818000
19527;150616000
19533;162533000
19539;152872000
19545;164578000
19551;165702000
19557;152606000
19563;163190000
19569;161593000
19575;152592000
19581;166310000
19587;162811000
19593;152961000
19599;164939000
19605;159871000
19611;158326000
19617;163906000
19623;163881000
19629;161223000
19635;161773000
19641;161356000
19647;166574000
19653;157908000
19659;162738000
19665;159370000
19671;154527000
19677;160282000
19683;162519000
19689;160015000
19695;160999000
19701;162706000
19707;164242000
19713;163622000
19719;152526000
19725;160863000
19731;164045000
19737;162365000
19743;156753000
19749;163711000
19755;161528000
19761;170735000
19767;160139000
19773;157026000
19779;166152000
19785;163173000
19791;169384000
19797;169931000
19803;154809000
19809;164688000
19815;164980000
19821;167330000
19827;159016000
19833;162578000
19839;160689000
19845;161391000
19851;163002000
19857;160148000
19863;165974000
19869;164496000
19875;154373000
19881;169669000
19887;168431000
19893;155668000
19899;163639000
19905;160889000
19911;161510000
19917;169881000
19923;155423000
19929;160608000
19935;171997000
19941;164428000
19947;159773000
19953;166366000
19959;164962000
19965;158853000
19971;159233000
19977;167923000
19983;164043000
19989;164626000
19995;155494000
20001;173049000
20007;162212000
20013;164167000
20019;161672000
20025;166160000
20031;163430000
20037;162652000
20043;163421000
20049;171110000
20055;165823000
20061;164040000
20067;167055000
20073;170543000
20079;162327000
20085;163450000
20091;165140000
20097;167456000
20103;161944000
20109;165725000
20115;157308000
20121;170951000
20127;164229000
20133;166132000
20139;164100000
20145;172964000
20151;161112000
20157;159396000
20163;178065000
20169;166272000
20175;169423000
20181;170994000
20187;171458000
20193;165223000
20199;167827000
20205;171780000
20211;193788000
20217;162510000
20223;165076000
20229;159641000
20235;166150000
20241;160449000
20247;175465000
20253;167259000
20259;165412000
20265;164017000
20271;168685000
20277;162236000
20283;155703000
20289;169151000
20295;172738000
20301;166276000
20307;161534000
20313;168427000
20319;163794000
20325;160457000
20331;171804000
20337;175300000
20343;161466000
20349;161973000
20355;170167000
20361;163847000
20367;172197000
20373;173703000
20379;164868000
20385;161475000
20391;174849000
20397;171907000
20403;162179000
20409;169496000
20415;164204000
20421;164565000
20427;176966000
20433;162246000
20439;164250000
20445;170630000
20451;175012000
20457;166684000
20463;164036000
20469;169050000
20475;175616000
20481;167945000
20487;173330000
20493;163747000
20499;168900000
20505;170503000
20511;161413000
20517;162188000
20523;175389000
20529;165268000
20535;163202000
20541;173113000
20547;173010000
20553;162724000
20559;167587000
20565;174638000
20571;162341000
20577;166306000
20583;174867000
20589;167222000
20595;168274000
20601;180107000
20607;168879000
20613;164051000
20619;180756000
20625;163453000
20631;162337000
20637;178325000
20643;166990000
20649;174919000
20655;169097000
20661;165101000
20667;166707000
20673;167353000
20679;166070000
20685;166401000
20691;169422000
20697;171273000
20703;163016000
20709;167315000
20715;177238000
20721;166103000
20727;170553000
20733;168586000
20739;175206000
20745;163423000
20751;172297000
20757;174987000
20763;166494000
20769;168270000
20775;184404000
20781;176452000
20787;164051000
20793;176078000
20799;162618000
20805;171183000
20811;195421000
20817;170681000
20823;172298000
20829;178392000
20835;173242000
20841;175528000
20847;181450000
20853;172148000
20859;178662000
20865;181144000
20871;169656000
20877;164818000
20883;179652000
20889;171073000
20895;168346000
20901;179173000
20907;165233000
20913;166741000
20919;177021000
20925;174844000
20931;169790000
20937;174183000
20943;176361000
20949;169770000
20955;172114000
20961;176570000
20967;172206000
20973;169219000
20979;169824000
20985;171729000
20991;169544000
20997;171832000
21003;179345000
21009;175845000
21015;171294000
21021;182516000
21027;174698000
21033;171566000
21039;172378000
21045;174292000
21051;163549000
21057;173516000
21063;174529000
21069;171747000
21075;175959000
21081;176600000
21087;168007000
21093;179226000
21099;171791000
21105;172534000
21111;177561000
21117;172994000
21123;174578000
21129;176641000
21135;170592000
21141;168060000
21147;171988000
21153;177560000
21159;170372000
21165;172483000
21171;180371000
21177;169579000
21183;171197000
21189;184252000
21195;170393000
21201;171630000
21207;177147000
21213;185556000
21219;170320000
21225;173821000
21231;177523000
21237;183474000
21243;168348000
21249;171127000
21255;173323000
21261;179964000
21267;185189000
21273;163114000
21279;174871000
21285;178098000
21291;173174000
21297;169312000
21303;181359000
21309;178001000
21315;177867000
21321;184133000
21327;170339000
21333;170428000
21339;178263000
21345;186267000
21351;183996000
21357;173333000
21363;168997000
21369;169062000
21375;177884000
21381;184912000
21387;179242000
21393;176487000
21399;181213000
21405;162215000
21411;179581000
21417;172605000
21423;184578000
21429;177301000
21435;174834000
21441;200377000
21447;198106000
21453;170594000
21459;182583000
21465;176028000
21471;175324000
21477;187279000
21483;174930000
21489;180488000
21495;186306000
21501;174724000
21507;176097000
21513;181407000
21519;183823000
21525;167009000
21531;201423000
21537;179736000
21543;178893000
21549;183886000
21555;191434000
21561;183678000
21567;175745000
21573;176574000
21579;178127000
21585;170021000
21591;176098000
21597;179613000
21603;178618000
21609;174640000
21615;175067000
21621;182744000
21627;175570000
21633;177851000
21639;178350000
21645;185380000
21651;177222000
21657;173805000
21663;176419000
21669;187655000
21675;173598000
21681;170297000
21687;192713000
21693;173768000
21699;170498000
21705;179767000
21711;172226000
21717;173024000
21723;192009000
21729;180032000
21735;177419000
21741;181013000
21747;174424000
21753;174866000
21759;178267000
21765;179541000
21771;176111000
21777;170603000
21783;180192000
21789;181621000
21795;179492000
21801;184704000
21807;174580000
21813;176752000
21819;190657000
21825;171216000
21831;173349000
21837;180485000
21843;175187000
21849;175717000
21855;185037000
21861;180897000
21867;170288000
21873;177998000
21879;183962000
21885;179194000
21891;177320000
21897;178816000
21903;179489000
21909;178929000
21915;184202000
21921;184088000
21927;172562000
21933;183457000
21939;176137000
21945;177086000
21951;189214000
21957;173701000
21963;178655000
21969;187827000
21975;179764000
21981;172691000
21987;180346000
21993;173359000
21999;181022000
22005;185393000
22011;177757000
22017;177365000
22023;188179000
22029;184312000
22035;179500000
22041;177479000
22047;188896000
22053;179909000
22059;173929000
22065;184945000
22071;185937000
22077;181835000
22083;178611000
22089;185468000
22095;175785000
22101;177169000
22107;189774000
22113;175843000
22119;180112000
22125;197520000
22131;179705000
22137;178849000
22143;188195000
22149;180270000
22155;179705000
22161;190844000
22167;182020000
22173;183909000
22179;188024000
22185;178296000
22191;182954000
22197;183800000
22203;180932000
22209;188387000
22215;182625000
22221;182569000
22227;176021000
22233;189683000
22239;187394000
22245;179103000
22251;182146000
22257;185347000
22263;187819000
22269;178764000
22275;187006000
22281;188377000
22287;183232000
22293;186385000
22299;190750000
22305;189634000
22311;177116000
22317;196127000
22323;183958000
22329;191218000
22335;186208000
22341;177966000
22347;180908000
22353;191167000
22359;188884000
22365;183454000
22371;188224000
22377;180126000
22383;187827000
22389;183951000
22395;187028000
22401;182515000
22407;193722000
22413;179937000
22419;189079000
22425;197555000
22431;183052000
22437;183365000
22443;184465000
22449;181841000
22455;181684000
22461;187092000
22467;184442000
22473;189284000
22479;189701000
22485;187668000
22491;188264000
22497;183008000
22503;186422000
22509;180402000
22515;184847000
22521;192695000
22527;175571000
22533;186135000
22539;183410000
22545;186423000
22551;193616000
22557;189653000
22563;180566000
22569;187756000
22575;185964000
22581;186683000
22587;180486000
22593;187224000
22599;183607000
22605;179559000
22611;191492000
22617;180277000
22623;178069000
22629;188222000
22635;182046000
22641;183713000
22647;196515000
22653;183936000
22659;176677000
22665;191345000
22671;189249000
22677;186900000
22683;189737000
22689;188889000
22695;185753000
22701;185324000
22707;191053000
22713;193996000
22719;190024000
22725;181180000
22731;188074000
22737;198547000
22743;187197000
22749;190563000
22755;195536000
22761;187427000
22767;182670000
22773;195748000
22779;189319000
22785;189923000
22791;196077000
22797;182011000
22803;189398000
22809;199108000
22815;185153000
22821;177915000
22827;200162000
22833;187444000
22839;182333000
22845;192158000
22851;180774000
22857;190825000
22863;198799000
22869;192056000
22875;190802000
22881;193090000
22887;177797000
22893;188262000
22899;195961000
22905;188099000
22911;188786000
22917;188139000
22923;184636000
22929;183222000
22935;200060000
22941;193004000
22947;189872000
22953;196997000
22959;185211000
22965;189011000
22971;193978000
22977;187733000
22983;187127000
22989;194619000
22995;191775000
23001;194021000
23007;195410000
23013;185256000
23019;189011000
23025;196247000
23031;186661000
23037;188804000
23043;191900000
23049;183572000
23055;193735000
23061;199757000
23067;190380000
23073;191459000
23079;202079000
23085;191164000
23091;190602000
23097;197222000
23103;190977000
23109;189971000
23115;198199000
23121;197034000
23127;192692000
23133;198581000
23139;195230000
23145;188106000
23151;196561000
23157;192585000
23163;194392000
23169;200822000
23175;191799000
23181;187780000
23187;199417000
23193;193799000
23199;191670000
23205;197436000
23211;198010000
23217;194314000
23223;197337000
23229;184931000
23235;186003000
23241;198215000
23247;186439000
23253;188980000
23259;195584000
23265;190200000
23271;192774000
23277;194520000
23283;192166000
23289;190940000
23295;205182000
23301;187353000
23307;190539000
23313;199601000
23319;192904000
23325;191037000
23331;197066000
23337;194425000
23343;204602000
23349;190244000
23355;186593000
23361;189299000
23367;202007000
23373;195304000
23379;193775000
23385;194206000
23391;190085000
23397;188137000
23403;194137000
23409;195547000
23415;196658000
23421;192514000
23427;189461000
23433;189535000
23439;193900000
23445;199793000
23451;189324000
23457;194846000
23463;192784000
23469;188835000
23475;204593000
23481;190471000
23487;188229000
23493;202123000
23499;200085000
23505;188353000
23511;195734000
23517;193007000
23523;199493000
23529;196691000
23535;192891000
23541;193704000
23547;213743000
23553;189035000
23559;188942000
23565;196060000
23571;199337000
23577;188409000
23583;195503000
23589;201832000
23595;196823000
23601;193190000
23607;193891000
23613;194503000
23619;199852000
23625;196398000
23631;203045000
23637;197080000
23643;190264000
23649;196233000
23655;201961000
23661;193729000
23667;197753000
23673;196237000
23679;193608000
23685;195678000
23691;195034000
23697;203110000
23703;185700000
23709;201099000
23715;202881000
23721;190360000
23727;198191000
23733;196433000
23739;189729000
23745;204415000
23751;193793000
23757;192131000
23763;200909000
23769;193585000
23775;208273000
23781;196697000
23787;201990000
23793;188499000
23799;203874000
23805;197716000
23811;195108000
23817;206274000
23823;192743000
23829;202335000
23835;203661000
23841;200780000
23847;189608000
23853;204436000
23859;189482000
23865;194541000
23871;203581000
23877;191545000
23883;198683000
23889;195337000
23895;195818000
23901;196914000
23907;206304000
23913;189786000
23919;197369000
23925;195414000
23931;196799000
23937;196077000
23943;196010000
23949;202654000
23955;191873000
23961;206033000
23967;194411000
23973;199523000
23979;202060000
23985;208232000
23991;188657000
23997;208547000
24003;199362000
24009;194848000
24015;208135000
24021;192054000
24027;204506000
24033;197190000
24039;196650000
24045;198560000
24051;199888000
24057;202457000
24063;189610000
24069;203952000
24075;198298000
24081;195340000
24087;208319000
24093;199101000
24099;193504000
24105;214199000
24111;194860000
24117;200180000
24123;205341000
24129;192999000
24135;198062000
24141;210315000
24147;189666000
24153;212373000
24159;220325000
24165;194970000
24171;193618000
24177;206903000
24183;191126000
24189;199785000
24195;213785000
24201;200066000
24207;189869000
24213;207238000
24219;201236000
24225;192203000
24231;204593000
24237;194713000
24243;197948000
24249;201877000
24255;198656000
24261;203185000
24267;196713000
24273;205733000
24279;202766000
24285;209108000
24291;193984000
24297;202063000
24303;208259000
24309;198387000
24315;201342000
24321;203544000
24327;201378000
24333;199127000
24339;208645000
24345;198016000
24351;200545000
24357;211238000
24363;199419000
24369;205481000
24375;198943000
24381;196954000
24387;199134000
24393;211202000
24399;201117000
24405;202522000
24411;198666000
24417;200523000
24423;201451000
24429;202998000
24435;196075000
24441;200653000
24447;204555000
24453;195198000
24459;199413000
24465;207727000
24471;198382000
24477;200787000
24483;210052000
24489;206868000
24495;201329000
24501;201741000
24507;198956000
24513;200076000
24519;207829000
24525;197695000
24531;200462000
24537;202228000
24543;200722000
24549;202198000
24555;211081000
24561;204609000
24567;205285000
24573;216919000
24579;207678000
24585;212386000
24591;214652000
24597;209214000
24603;213423000
24609;216424000
24615;207800000
24621;205391000
24627;218891000
24633;208183000
24639;216694000
24645;220508000
24651;210668000
24657;211035000
24663;218521000
24669;216704000
24675;207605000
24681;215414000
24687;207297000
24693;209642000
24699;225827000
24705;207746000
24711;212108000
24717;214672000
24723;213114000
24729;211132000
24735;217780000
24741;212468000
24747;214216000
24753;219878000
24759;209361000
24765;211803000
24771;216962000
24777;214428000
24783;212653000
24789;220899000
24795;216433000
24801;215025000
24807;217301000
24813;213677000
24819;212324000
24825;217829000
24831;210992000
24837;216580000
24843;218280000
24849;212248000
24855;212998000
24861;221224000
24867;215890000
24873;213785000
24879;222147000
24885;210210000
24891;216643000
24897;220283000
24903;211342000
24909;212784000
24915;220682000
24921;214637000
24927;214509000
24933;219992000
24939;214012000
24945;222608000
24951;211539000
24957;211864000
24963;213496000
24969;227677000
24975;209218000
24981;211739000
24987;213866000
24993;218028000
24999;218612000
25005;214547000
25011;217064000
25017;216179000
25023;222058000
25029;215092000
25035;216862000
25041;213807000
25047;213816000
25053;217580000
25059;218133000
25065;215559000
25071;221881000
25077;216309000
25083;215526000
25089;219709000
25095;220672000
25101;214221000
25107;222932000
25113;218220000
25119;213341000
25125;222038000
25131;221395000
25137;218237000
25143;212147000
25149;223116000
25155;214735000
25161;209842000
25167;228905000
25173;216644000
25179;216163000
25185;226045000
25191;210689000
25197;221839000
25203;221191000
25209;212660000
25215;223500000
25221;215098000
25227;218908000
25233;214897000
25239;222948000
25245;216512000
25251;217883000
25257;218211000
25263;208085000
25269;219705000
25275;215929000
25281;227619000
25287;215826000
25293;223156000
25299;211981000
25305;216916000
25311;219879000
25317;219631000
25323;214337000
25329;223402000
25335;209508000
25341;223563000
25347;215163000
25353;217587000
25359;208025000
25365;226956000
25371;216498000
25377;225192000
25383;220631000
25389;218488000
25395;220922000
25401;216169000
25407;220048000
25413;211745000
25419;224254000
25425;210695000
25431;219519000
25437;209882000
25443;224694000
25449;225711000
25455;213888000
25461;225382000
25467;208764000
25473;226191000
25479;220448000
25485;214407000
25491;225993000
25497;219979000
25503;220362000
25509;225876000
25515;211400000
25521;224580000
25527;227008000
25533;211715000
25539;219301000
25545;218377000
25551;221811000
25557;225027000
25563;218540000
25569;224800000
25575;222530000
25581;220933000
25587;223852000
25593;223262000
25599;214034000
25605;220604000
25611;224840000
25617;220121000
25623;221348000
25629;221239000
25635;228492000
25641;210556000
25647;223572000
25653;224243000
25659;217176000
25665;220731000
25671;224677000
25677;226448000
25683;218385000
25689;228913000
25695;215383000
25701;222665000
25707;219617000
25713;225017000
25719;219736000
25725;228524000
25731;214596000
25737;223832000
25743;228219000
25749;224902000
25755;214096000
25761;229861000
25767;226766000
25773;224592000
25779;231090000
25785;213664000
25791;220149000
25797;230528000
25803;220160000
25809;225964000
25815;229938000
25821;218038000
25827;222144000
25833;229306000
25839;226961000
25845;223436000
25851;229683000
25857;212010000
25863;222265000
25869;224191000
25875;222917000
25881;228448000
25887;229974000
25893;227989000
25899;215575000
25905;234436000
25911;220573000
25917;227733000
25923;231896000
25929;227587000
25935;227966000
25941;227584000
25947;226828000
25953;214721000
25959;221577000
25965;223793000
25971;223554000
25977;238295000
25983;228941000
25989;228575000
25995;232155000
26001;224254000
26007;226119000
26013;228101000
26019;222639000
26025;223522000
26031;236602000
26037;225373000
26043;227072000
26049;229441000
26055;225094000
26061;225614000
26067;233701000
26073;225828000
26079;232389000
26085;232472000
26091;227055000
26097;224081000
26103;226922000
26109;228586000
26115;225383000
26121;231209000
26127;226762000
26133;227749000
26139;228730000
26145;228742000
26151;225671000
26157;234333000
26163;235048000
26169;227790000
26175;228602000
26181;224452000
26187;228158000
26193;231195000
26199;222472000
26205;223088000
26211;238219000
26217;224799000
26223;225983000
26229;235182000
26235;225095000
26241;237428000
26247;227913000
26253;226656000
26259;217016000
26265;228561000
26271;224540000
26277;219270000
26283;231186000
26289;229424000
26295;231607000
26301;228315000
26307;224709000
26313;228343000
26319;225511000
26325;228433000
26331;231263000
26337;227411000
26343;225682000
26349;221972000
26355;227223000
26361;227573000
26367;236828000
26373;233671000
26379;226395000
26385;222481000
26391;232279000
26397;232056000
26403;223644000
26409;232223000
26415;226044000
26421;226632000
26427;245020000
26433;230430000
26439;221995000
26445;231853000
26451;235096000
26457;230289000
26463;227339000
26469;224747000
26475;240842000
26481;227366000
26487;228288000
26493;226488000
26499;233666000
26505;221129000
26511;232339000
26517;229969000
26523;223017000
26529;231170000
26535;221693000
26541;233287000
26547;227009000
26553;218124000
26559;230973000
26565;233360000
26571;224984000
26577;236401000
26583;232440000
26589;226290000
26595;238011000
26601;229492000
26607;222037000
26613;239206000
26619;237218000
26625;228770000
26631;231354000
26637;229259000
26643;226346000
26649;234408000
26655;224746000
26661;225364000
26667;231771000
26673;232346000
26679;231660000
26685;224324000
26691;231503000
26697;237138000
26703;222921000
26709;247639000
26715;223920000
26721;224058000
26727;242723000
26733;229684000
26739;238058000
26745;227765000
26751;228749000
26757;219790000
26763;232541000
26769;234663000
26775;221603000
26781;238071000
26787;234430000
26793;237160000
26799;234866000
26805;239211000
26811;227809000
26817;247052000
26823;225163000
26829;237478000
26835;239868000
26841;237693000
26847;229193000
26853;240348000
26859;222098000
26865;235629000
26871;238270000
26877;236921000
26883;230391000
26889;240152000
26895;227960000
26901;235248000
26907;236016000
26913;230888000
26919;225762000
26925;239471000
26931;233891000
26937;221424000
26943;242172000
26949;229762000
26955;236217000
26961;235081000
26967;235456000
26973;233101000
26979;232262000
26985;233097000
26991;223555000
26997;243095000
27003;225929000
27009;233651000
27015;244130000
27021;231697000
27027;235330000
27033;240906000
27039;224998000
27045;231739000
27051;231512000
27057;239766000
27063;234656000
27069;234002000
27075;237857000
27081;232945000
27087;230453000
27093;230972000
27099;236758000
27105;233821000
27111;240935000
27117;236232000
27123;232422000
27129;233060000
27135;233220000
27141;230935000
27147;232538000
27153;233222000
27159;229946000
27165;237204000
27171;230953000
27177;229928000
27183;236669000
27189;236070000
27195;245269000
27201;230891000
27207;232245000
27213;240337000
27219;233558000
27225;226535000
27231;246229000
27237;234841000
27243;232134000
27249;227091000
27255;240112000
27261;239947000
27267;240619000
27273;233049000
27279;233225000
27285;243183000
27291;231987000
27297;234112000
27303;234617000
27309;230753000
27315;232771000
27321;244723000
27327;237723000
27333;228915000
27339;243968000
27345;234807000
27351;238362000
27357;240883000
27363;233811000
27369;226806000
27375;253398000
27381;237643000
27387;236297000
27393;244626000
27399;232824000
27405;239115000
27411;234913000
27417;255026000
27423;249055000
27429;244042000
27435;241728000
27441;234039000
27447;239186000
27453;236493000
27459;223255000
27465;243440000
27471;238514000
27477;240754000
27483;239215000
27489;238841000
27495;240560000
27501;246797000
27507;237623000
27513;234496000
27519;249205000
27525;239508000
27531;236262000
27537;232633000
27543;238096000
27549;232257000
27555;243340000
27561;235384000
27567;233257000
27573;247275000
27579;239501000
27585;238606000
27591;247014000
27597;239957000
27603;235692000
27609;244284000
27615;232620000
27621;234215000
27627;240070000
27633;234754000
27639;240183000
27645;245980000
27651;238684000
27657;238565000
27663;245831000
27669;236351000
27675;242532000
27681;243406000
27687;233836000
27693;247489000
27699;250180000
27705;241661000
27711;237393000
27717;247207000
27723;231281000
27729;238891000
27735;246521000
27741;240232000
27747;231995000
27753;240749000
27759;231175000
27765;232446000
27771;249655000
27777;232023000
27783;238500000
27789;240857000
27795;234016000
27801;240042000
27807;242574000
27813;240031000
27819;245306000
27825;247324000
27831;239808000
27837;236180000
27843;241108000
27849;236346000
27855;240052000
27861;251914000
27867;233744000
27873;234373000
27879;246100000
27885;236893000
27891;249676000
27897;245297000
27903;237117000
27909;240468000
27915;242977000
27921;238122000
27927;246980000
27933;241976000
27939;237530000
27945;236864000
27951;246309000
27957;236813000
27963;243750000
27969;240747000
27975;246248000
27981;236029000
27987;242820000
27993;240766000
27999;247676000
28005;246686000
28011;240596000
28017;238807000
28023;251746000
28029;237625000
28035;237295000
28041;243588000
28047;241133000
28053;238447000
28059;242950000
28065;250486000
28071;233168000
28077;250734000
28083;234801000
28089;243486000
28095;243635000
28101;239420000
28107;241747000
28113;240201000
28119;233812000
28125;250058000
28131;240742000
28137;249115000
28143;234286000
28149;242067000
28155;238020000
28161;234066000
28167;246534000
28173;248254000
28179;236427000
28185;244304000
28191;241237000
28197;238797000
28203;258712000
28209;234615000
28215;234203000
28221;250970000
28227;238109000
28233;243203000
28239;241034000
28245;237653000
28251;248143000
28257;242479000
28263;249386000
28269;240040000
28275;258434000
28281;242886000
28287;241040000
28293;254563000
28299;235375000
28305;251985000
28311;241187000
28317;245166000
28323;236324000
28329;253130000
28335;236236000
28341;244787000
28347;240156000
28353;246374000
28359;239452000
28365;258917000
28371;237477000
28377;245218000
28383;247351000
28389;251171000
28395;237917000
28401;256234000
28407;239908000
28413;248063000
28419;246445000
28425;248175000
28431;238229000
28437;270137000
28443;239871000
28449;245590000
28455;251428000
28461;238833000
28467;246804000
28473;245277000
28479;251637000
28485;246509000
28491;254003000
28497;248675000
28503;239179000
28509;259493000
28515;236286000
28521;262279000
28527;247295000
28533;239733000
28539;252909000
28545;243529000
28551;247202000
28557;254031000
28563;241431000
28569;249307000
28575;246350000
28581;246363000
28587;241841000
28593;247587000
28599;245783000
28605;251762000
28611;246388000
28617;249368000
28623;252693000
28629;244764000
28635;247061000
28641;249605000
28647;246994000
28653;250994000
28659;245989000
28665;244201000
28671;246925000
28677;250722000
28683;254672000
28689;238441000
28695;248630000
28701;250759000
28707;237552000
28713;249576000
28719;255267000
28725;250419000
28731;237777000
28737;255234000
28743;249560000
28749;249763000
28755;245783000
28761;254597000
28767;253725000
28773;254109000
28779;243242000
28785;253149000
28791;255369000
28797;251256000
28803;240449000
28809;258988000
28815;252986000
28821;254680000
28827;256303000
28833;244988000
28839;248762000
28845;251658000
28851;246783000
28857;249851000
28863;244694000
28869;246151000
28875;246902000
28881;252400000
28887;248651000
28893;254748000
28899;247884000
28905;252337000
28911;243812000
28917;253351000
28923;248793000
28929;251377000
28935;250157000
28941;240808000
28947;242193000
28953;252320000
28959;248255000
28965;252466000
28971;254404000
28977;249005000
28983;250732000
28989;254091000
28995;241426000
29001;252873000
29007;260450000
29013;256116000
29019;249655000
29025;256527000
29031;254075000
29037;254662000
29043;251950000
29049;248002000
29055;250099000
29061;255293000
29067;251382000
29073;251063000
29079;262755000
29085;246855000
29091;248017000
29097;261619000
29103;248011000
29109;248273000
29115;259140000
29121;253215000
29127;253447000
29133;252008000
29139;252172000
29145;255619000
29151;261049000
29157;252510000
29163;256295000
29169;250220000
29175;254666000
29181;255090000
29187;262338000
29193;260358000
29199;258899000
29205;250353000
29211;258401000
29217;263096000
29223;262353000
29229;255295000
29235;251642000
29241;255463000
29247;247133000
29253;254070000
29259;252571000
29265;253650000
29271;255854000
29277;257935000
29283;259487000
29289;250988000
29295;269520000
29301;239917000
29307;254095000
29313;257687000
29319;251687000
29325;251624000
29331;258085000
29337;251601000
29343;255714000
29349;256836000
29355;244575000
29361;253247000
29367;261492000
29373;252287000
29379;249742000
29385;261442000
29391;254781000
29397;252731000
29403;262433000
29409;250296000
29415;250115000
29421;267403000
29427;250236000
29433;248103000
29439;258385000
29445;254478000
29451;261350000
29457;259342000
29463;256523000
29469;255606000
29475;258916000
29481;254194000
29487;254152000
29493;254566000
29499;256445000
29505;260964000
29511;253501000
29517;257856000
29523;252105000
29529;262240000
29535;259494000
29541;256426000
29547;259809000
29553;254845000
29559;252454000
29565;260553000
29571;263641000
29577;250942000
29583;254152000
29589;255010000
29595;259419000
29601;252837000
29607;254041000
29613;267818000
29619;250617000
29625;249639000
29631;257392000
29637;250137000
29643;255865000
29649;264538000
29655;249039000
29661;257185000
29667;255656000
29673;252025000
29679;260177000
29685;260730000
29691;256487000
29697;265573000
29703;255326000
29709;250143000
29715;266042000
29721;254844000
29727;251322000
29733;263312000
29739;253132000
29745;263080000
29751;255317000
29757;250430000
29763;265180000
29769;261084000
29775;262141000
29781;254153000
29787;264185000
29793;248945000
29799;270291000
29805;253079000
29811;253418000
29817;262628000
29823;253454000
29829;261402000
29835;259690000
29841;260840000
29847;254221000
29853;261494000
29859;258413000
29865;257060000
29871;257471000
29877;257195000
29883;255017000
29889;266286000
29895;255415000
29901;262515000
29907;260118000
29913;261401000
29919;254037000
29925;264355000
29931;254472000
29937;261363000
29943;258052000
29949;263725000
29955;249749000
29961;267457000
29967;256229000
29973;259643000
29979;257843000
29985;261605000
29991;258409000
29997;257229000
