3;905000
9;3464000
15;5657000
21;8033000
27;8744000
33;7465000
39;5968000
45;7438000
51;6419000
57;6963000
63;7284000
69;6075000
75;4922000
81;5235000
87;4766000
93;4016000
99;4826000
105;6041000
111;6231000
117;6660000
123;6870000
129;6677000
135;2983000
141;2741000
147;2672000
153;2262000
159;1916000
165;2541000
171;2136000
177;2355000
183;2612000
189;2983000
195;2369000
201;2466000
207;3784000
213;3924000
219;4114000
225;4107000
231;3757000
237;2111000
243;2643000
249;2117000
255;2122000
261;2208000
267;2221000
273;2854000
279;2363000
285;2404000
291;2449000
297;2452000
303;4903000
309;2616000
315;2707000
321;2674000
327;2720000
333;3270000
339;2847000
345;2851000
351;2952000
357;2980000
363;3448000
369;3073000
375;3094000
381;3235000
387;3632000
393;3311000
399;3322000
405;3420000
411;3976000
417;3453000
423;3444000
429;3556000
435;4027000
441;3811000
447;3771000
453;4273000
459;3920000
465;3889000
471;3992000
477;4375000
483;4000000
489;4099000
495;5162000
501;4629000
507;4981000
513;4835000
519;4309000
525;4373000
531;5071000
537;4517000
543;4488000
549;3286000
555;2775000
561;2788000
567;3365000
573;2830000
579;2932000
585;3421000
591;3119000
597;2915000
603;3465000
609;3492000
615;3751000
621;2984000
627;3075000
633;5083000
639;3953000
645;4014000
651;3241000
657;3201000
663;3726000
669;3295000
675;4915000
681;4756000
687;3957000
693;4081000
699;3545000
705;6007000
711;4325000
717;5203000
723;3966000
729;4899000
735;3847000
741;4630000
747;5704000
753;6715000
759;4769000
765;3994000
771;4886000
777;5554000
783;4579000
789;4081000
795;4961000
801;4220000
807;5276000
813;4252000
819;4685000
825;4255000
831;5111000
837;5431000
843;4659000
849;5234000
855;4371000
861;5053000
867;4478000
873;5071000
879;4791000
885;6480000
891;7105000
897;5071000
903;4633000
909;5067000
915;5435000
921;4690000
927;5216000
933;4913000
939;5199000
945;5721000
951;5044000
957;5479000
963;4881000
969;5548000
975;5847000
981;5071000
987;5590000
993;5189000
999;5492000
1005;6053000
1011;5128000
1017;5578000
1023;5898000
1029;5086000
1035;5713000
1041;5408000
1047;5780000
1053;6551000
1059;5841000
1065;5680000
1071;7303000
1077;6689000
1083;6172000
1089;6040000
1095;5914000
1101;6069000
1107;6527000
1113;6362000
1119;5704000
1125;6152000
1131;7560000
1137;7328000
1143;6721000
1149;6868000
1155;8884000
1161;7588000
1167;7120000
1173;6747000
1179;6137000
1185;6497000
1191;6608000
1197;6820000
1203;6180000
1209;6753000
1215;6716000
1221;6938000
1227;7390000
1233;6420000
1239;6963000
1245;6915000
1251;7163000
1257;6645000
1263;6874000
1269;6984000
1275;7159000
1281;7248000
1287;6425000
1293;7095000
1299;7111000
1305;7260000
1311;7315000
1317;7742000
1323;6744000
1329;7254000
1335;7292000
1341;7692000
1347;7747000
1353;8154000
1359;9415000
1365;7716000
1371;10071000
1377;8374000
1383;7878000
1389;7886000
1395;8245000
1401;7197000
1407;7659000
1413;7670000
1419;7776000
1425;8003000
1431;8144000
1437;8349000
1443;9638000
1449;9832000
1455;8510000
1461;7514000
1467;7993000
1473;8134000
1479;8137000
1485;8099000
1491;10421000
1497;9113000
1503;8982000
1509;8470000
1515;8687000
1521;8626000
1527;8959000
1533;8814000
1539;8796000
1545;9082000
1551;9785000
1557;10509000
1563;10986000
1569;9601000
1575;9537000
1581;9778000
1587;9310000
1593;9661000
1599;9548000
1605;9516000
1611;9665000
1617;9613000
1623;10340000
1629;9714000
1635;9647000
1641;9844000
1647;9309000
1653;9266000
1659;9448000
1665;9582000
1671;9392000
1677;9344000
1683;9814000
1689;9821000
1695;11448000
1701;10127000
1707;9539000
1713;11126000
1719;10438000
1725;10483000
1731;9996000
1737;10183000
1743;10671000
1749;13338000
1755;11130000
1761;10752000
1767;10250000
1773;11239000
1779;10487000
1785;10648000
1791;11794000
1797;10630000
1803;10327000
1809;10291000
1815;10037000
1821;11367000
1827;10654000
1833;10248000
1839;10552000
1845;10497000
1851;10575000
1857;11407000
1863;10772000
1869;10613000
1875;12519000
1881;10833000
1887;10389000
1893;11631000
1899;11105000
1905;10850000
1911;10773000
1917;12048000
1923;11222000
1929;11126000
1935;11075000
1941;11092000
1947;12800000
1953;12597000
1959;11686000
1965;11981000
1971;12305000
1977;13068000
1983;12353000
1989;11327000
1995;12298000
2001;13322000
2007;12655000
2013;11468000
2019;12204000
2025;11740000
2031;11768000
2037;11357000
2043;12687000
2049;11761000
2055;13778000
2061;13156000
2067;14063000
2073;12467000
2079;13578000
2085;12658000
2091;12954000
2097;13328000
2103;12550000
2109;12083000
2115;13249000
2121;12258000
2127;11739000
2133;13198000
2139;12523000
2145;11938000
2151;17865000
2157;15877000
2163;11974000
2169;13357000
2175;12368000
2181;12033000
2187;12888000
2193;12221000
2199;13442000
2205;12387000
2211;12182000
2217;13289000
2223;12541000
2229;15792000
2235;13291000
2241;12839000
2247;16562000
2253;12680000
2259;13506000
2265;13014000
2271;16773000
2277;13086000
2283;12625000
2289;14067000
2295;12764000
2301;16739000
2307;13000000
2313;13820000
2319;13424000
2325;14938000
2331;17358000
2337;15334000
2343;13808000
2349;18245000
2355;13776000
2361;14943000
2367;16908000
2373;15174000
2379;13990000
2385;18601000
2391;14128000
2397;18094000
2403;14900000
2409;15944000
2415;13865000
2421;14665000
2427;13644000
2433;17389000
2439;14616000
2445;14591000
2451;15745000
2457;14942000
2463;13882000
2469;14645000
2475;15164000
2481;14198000
2487;14664000
2493;14022000
2499;14628000
2505;13785000
2511;16325000
2517;15728000
2523;14199000
2529;14877000
2535;14020000
2541;14893000
2547;16115000
2553;16767000
2559;15506000
2565;14076000
2571;15302000
2577;15899000
2583;14989000
2589;18275000
2595;18205000
2601;15402000
2607;19731000
2613;16057000
2619;14820000
2625;15168000
2631;16002000
2637;15340000
2643;15794000
2649;16266000
2655;15125000
2661;17865000
2667;16605000
2673;15293000
2679;15813000
2685;16391000
2691;15111000
2697;19713000
2703;17102000
2709;15081000
2715;15950000
2721;16001000
2727;18053000
2733;15808000
2739;19632000
2745;17998000
2751;18850000
2757;15778000
2763;18359000
2769;17596000
2775;17349000
2781;16852000
2787;16726000
2793;16654000
2799;17479000
2805;17516000
2811;18582000
2817;16923000
2823;20093000
2829;16049000
2835;16536000
2841;16750000
2847;17084000
2853;17396000
2859;16483000
2865;16952000
2871;16723000
2877;17443000
2883;17791000
2889;18236000
2895;19322000
2901;18479000
2907;17364000
2913;17598000
2919;17563000
2925;18255000
2931;16490000
2937;17388000
2943;17202000
2949;17552000
2955;17527000
2961;19032000
2967;19506000
2973;16662000
2979;18672000
2985;18337000
2991;17415000
2997;17547000
3003;18038000
3009;18112000
3015;17733000
3021;21891000
3027;18683000
3033;19301000
3039;17479000
3045;19452000
3051;18205000
3057;17788000
3063;17887000
3069;19495000
3075;20277000
3081;19708000
3087;21346000
3093;21719000
3099;19433000
3105;19389000
3111;21648000
3117;21839000
3123;19220000
3129;19448000
3135;19654000
3141;19755000
3147;19767000
3153;19923000
3159;19602000
3165;19658000
3171;20316000
3177;21262000
3183;19484000
3189;22046000
3195;19612000
3201;19854000
3207;19541000
3213;19070000
3219;19091000
3225;19552000
3231;19472000
3237;18943000
3243;19068000
3249;20538000
3255;19460000
3261;19530000
3267;19139000
3273;19202000
3279;20829000
3285;20499000
3291;20707000
3297;23229000
3303;19788000
3309;19765000
3315;21284000
3321;20691000
3327;20909000
3333;19405000
3339;21582000
3345;20833000
3351;21903000
3357;21077000
3363;19824000
3369;19590000
3375;21684000
3381;19908000
3387;21434000
3393;23451000
3399;22604000
3405;23291000
3411;20188000
3417;20041000
3423;22348000
3429;21854000
3435;20764000
3441;23058000
3447;20961000
3453;23355000
3459;23194000
3465;22215000
3471;20735000
3477;20150000
3483;20755000
3489;24897000
3495;21161000
3501;20854000
3507;23197000
3513;22687000
3519;26063000
3525;21252000
3531;22595000
3537;23461000
3543;25474000
3549;20667000
3555;22466000
3561;23283000
3567;25548000
3573;21923000
3579;20805000
3585;22781000
3591;25242000
3597;21786000
3603;20969000
3609;22621000
3615;21692000
3621;20972000
3627;23282000
3633;26027000
3639;21579000
3645;23435000
3651;25579000
3657;24100000
3663;21540000
3669;23710000
3675;22596000
3681;20931000
3687;24357000
3693;23600000
3699;21596000
3705;23033000
3711;24461000
3717;24189000
3723;26272000
3729;23996000
3735;24034000
3741;26097000
3747;21926000
3753;27466000
3759;22223000
3765;24262000
3771;26665000
3777;22212000
3783;24360000
3789;26115000
3795;25378000
3801;27443000
3807;24440000
3813;25083000
3819;28176000
3825;27002000
3831;26316000
3837;22182000
3843;27635000
3849;23039000
3855;24218000
3861;27146000
3867;24693000
3873;26053000
3879;27458000
3885;29060000
3891;27689000
3897;26380000
3903;22435000
3909;26672000
3915;24648000
3921;23990000
3927;23050000
3933;24755000
3939;26090000
3945;26718000
3951;23562000
3957;26802000
3963;25742000
3969;25003000
3975;24950000
3981;25288000
3987;26144000
3993;24648000
3999;26029000
4005;26668000
4011;26362000
4017;28431000
4023;25696000
4029;27168000
4035;26202000
4041;29576000
4047;26048000
4053;27232000
4059;27234000
4065;28840000
4071;28282000
4077;26727000
4083;28143000
4089;24817000
4095;26784000
4101;27804000
4107;25609000
4113;26856000
4119;25866000
4125;28481000
4131;28661000
4137;27563000
4143;30297000
4149;26600000
4155;26050000
4161;27394000
4167;25859000
4173;28822000
4179;27712000
4185;28984000
4191;31154000
4197;28306000
4203;27653000
4209;31311000
4215;28381000
4221;30123000
4227;30795000
4233;27565000
4239;26630000
4245;35266000
4251;28664000
4257;26769000
4263;29758000
4269;31006000
4275;30141000
4281;27713000
4287;30659000
4293;28046000
4299;28044000
4305;27137000
4311;31082000
4317;27669000
4323;29109000
4329;31351000
4335;31548000
4341;28040000
4347;30177000
4353;31444000
4359;33194000
4365;29971000
4371;26901000
4377;32507000
4383;33219000
4389;29450000
4395;31096000
4401;28239000
4407;31268000
4413;31381000
4419;31413000
4425;30111000
4431;27751000
4437;30965000
4443;31681000
4449;31162000
4455;28990000
4461;27719000
4467;36414000
4473;31385000
4479;32047000
4485;28801000
4491;30405000
4497;30913000
4503;30995000
4509;30699000
4515;31619000
4521;31903000
4527;31114000
4533;28984000
4539;29186000
4545;31849000
4551;30531000
4557;31894000
4563;32028000
4569;32058000
4575;32326000
4581;29558000
4587;28638000
4593;28977000
4599;31908000
4605;31804000
4611;31036000
4617;31369000
4623;32301000
4629;32500000
4635;32923000
4641;42548000
4647;33383000
4653;33047000
4659;34420000
4665;28257000
4671;28592000
4677;29046000
4683;29435000
4689;29238000
4695;29048000
4701;32525000
4707;31353000
4713;31584000
4719;31729000
4725;30888000
4731;32866000
4737;31894000
4743;31239000
4749;33154000
4755;31903000
4761;31849000
4767;31962000
4773;32236000
4779;32542000
4785;38866000
4791;33209000
4797;33564000
4803;37518000
4809;34520000
4815;32870000
4821;32051000
4827;33736000
4833;33700000
4839;33458000
4845;33790000
4851;33530000
4857;33306000
4863;32621000
4869;33180000
4875;32267000
4881;32600000
4887;36458000
4893;32706000
4899;36158000
4905;33914000
4911;35355000
4917;40195000
4923;34019000
4929;33964000
4935;32894000
4941;36197000
4947;32874000
4953;35070000
4959;35532000
4965;34040000
4971;33263000
4977;33525000
4983;39174000
4989;36307000
4995;34010000
5001;34362000
5007;33875000
5013;33911000
5019;39211000
5025;34173000
5031;35184000
5037;35218000
5043;40994000
5049;42975000
5055;34288000
5061;34541000
5067;33859000
5073;34348000
5079;38865000
5085;34494000
5091;34647000
5097;34921000
5103;38551000
5109;33885000
5115;35105000
5121;36980000
5127;33868000
5133;36944000
5139;35325000
5145;35088000
5151;38327000
5157;35279000
5163;36366000
5169;40595000
5175;38352000
5181;35384000
5187;36047000
5193;35688000
5199;37677000
5205;35172000
5211;34910000
5217;40142000
5223;35691000
5229;34874000
5235;39874000
5241;38669000
5247;35581000
5253;39031000
5259;38206000
5265;37119000
5271;38213000
5277;35594000
5283;36224000
5289;44972000
5295;42065000
5301;36582000
5307;38282000
5313;37039000
5319;37502000
5325;38130000
5331;36048000
5337;38990000
5343;36345000
5349;36011000
5355;40511000
5361;37320000
5367;38254000
5373;39306000
5379;35972000
5385;37808000
5391;36777000
5397;38395000
5403;42376000
5409;41294000
5415;39069000
5421;36191000
5427;41457000
5433;36321000
5439;40285000
5445;36617000
5451;39107000
5457;39695000
5463;36528000
5469;39132000
5475;36451000
5481;39101000
5487;37695000
5493;39295000
5499;37323000
5505;40219000
5511;36599000
5517;44505000
5523;37266000
5529;39909000
5535;36279000
5541;44843000
5547;37961000
5553;43645000
5559;36603000
5565;41935000
5571;38401000
5577;39766000
5583;36457000
5589;41778000
5595;40920000
5601;38837000
5607;40336000
5613;39395000
5619;40469000
5625;44209000
5631;41061000
5637;38357000
5643;41128000
5649;42276000
5655;37410000
5661;39923000
5667;37750000
5673;40298000
5679;40677000
5685;37905000
5691;42430000
5697;37348000
5703;43048000
5709;41129000
5715;40002000
5721;44540000
5727;45840000
5733;39695000
5739;41071000
5745;39075000
5751;43304000
5757;41053000
5763;39903000
5769;41493000
5775;41202000
5781;37906000
5787;40776000
5793;42371000
5799;39190000
5805;42075000
5811;41475000
5817;38547000
5823;42907000
5829;46377000
5835;41906000
5841;42262000
5847;44849000
5853;42157000
5859;38524000
5865;41176000
5871;43517000
5877;38084000
5883;41542000
5889;41434000
5895;43475000
5901;39144000
5907;41957000
5913;41570000
5919;42570000
5925;38994000
5931;42117000
5937;52596000
5943;42810000
5949;41157000
5955;43927000
5961;41553000
5967;44088000
5973;42165000
5979;39460000
5985;41960000
5991;43501000
5997;44376000
6003;39535000
6009;44238000
6015;41748000
6021;43519000
6027;45332000
6033;44656000
6039;46901000
6045;43920000
6051;42828000
6057;43308000
6063;42760000
6069;44407000
6075;40323000
6081;43669000
6087;42427000
6093;44788000
6099;42275000
6105;44378000
6111;43810000
6117;40521000
6123;43231000
6129;48111000
6135;43960000
6141;48698000
6147;44102000
6153;47149000
6159;44820000
6165;45704000
6171;46017000
6177;47794000
6183;40963000
6189;46475000
6195;43518000
6201;43135000
6207;43489000
6213;46973000
6219;45924000
6225;48125000
6231;44461000
6237;43571000
6243;43651000
6249;44240000
6255;45556000
6261;45196000
6267;44359000
6273;44104000
6279;46219000
6285;44113000
6291;44590000
6297;47447000
6303;47476000
6309;45953000
6315;48262000
6321;46026000
6327;46269000
6333;45166000
6339;44248000
6345;43899000
6351;46977000
6357;44060000
6363;47822000
6369;44878000
6375;46239000
6381;44135000
6387;47199000
6393;46700000
6399;51559000
6405;45757000
6411;49323000
6417;48044000
6423;46286000
6429;49375000
6435;45061000
6441;46949000
6447;47192000
6453;49107000
6459;44448000
6465;50570000
6471;46540000
6477;47619000
6483;45917000
6489;51215000
6495;53792000
6501;46131000
6507;44993000
6513;49078000
6519;47195000
6525;47582000
6531;46966000
6537;45398000
6543;45752000
6549;47664000
6555;49646000
6561;45257000
6567;47849000
6573;50155000
6579;46725000
6585;49202000
6591;45237000
6597;48471000
6603;46619000
6609;45383000
6615;50827000
6621;45449000
6627;48473000
6633;47175000
6639;45504000
6645;53435000
6651;48015000
6657;47726000
6663;47913000
6669;50277000
6675;45075000
6681;49903000
6687;45847000
6693;51454000
6699;44564000
6705;48378000
6711;45785000
6717;57383000
6723;48082000
6729;47866000
6735;45791000
6741;53252000
6747;45588000
6753;45798000
6759;50334000
6765;49140000
6771;50913000
6777;45990000
6783;50647000
6789;49085000
6795;46736000
6801;54436000
6807;48087000
6813;47571000
6819;52393000
6825;47463000
6831;47741000
6837;50296000
6843;49125000
6849;51133000
6855;49565000
6861;46717000
6867;50734000
6873;46468000
6879;48042000
6885;54366000
6891;50435000
6897;49259000
6903;51224000
6909;47174000
6915;51313000
6921;47093000
6927;47253000
6933;50964000
6939;47566000
6945;51264000
6951;49640000
6957;50496000
6963;56621000
6969;49839000
6975;51984000
6981;47416000
6987;51521000
6993;47588000
6999;51601000
7005;49305000
7011;51007000
7017;52364000
7023;48241000
7029;51739000
7035;50243000
7041;59473000
7047;48631000
7053;55314000
7059;49312000
7065;53493000
7071;49583000
7077;53079000
7083;48254000
7089;52926000
7095;49333000
7101;51533000
7107;47969000
7113;58791000
7119;54955000
7125;55684000
7131;48266000
7137;51679000
7143;48451000
7149;52622000
7155;51889000
7161;49684000
7167;52554000
7173;51180000
7179;53890000
7185;50355000
7191;57775000
7197;49445000
7203;50502000
7209;55625000
7215;47842000
7221;52686000
7227;49607000
7233;53175000
7239;55453000
7245;48515000
7251;55031000
7257;47982000
7263;56608000
7269;55452000
7275;49625000
7281;53056000
7287;53803000
7293;54293000
7299;53551000
7305;48656000
7311;54150000
7317;52469000
7323;49621000
7329;54604000
7335;55931000
7341;51819000
7347;54545000
7353;55016000
7359;49340000
7365;54989000
7371;52290000
7377;51015000
7383;56088000
7389;53906000
7395;56397000
7401;53207000
7407;55354000
7413;56357000
7419;49662000
7425;53138000
7431;58211000
7437;54863000
7443;56007000
7449;53762000
7455;53029000
7461;52188000
7467;56345000
7473;58578000
7479;56836000
7485;50117000
7491;53711000
7497;54682000
7503;53946000
7509;53155000
7515;53482000
7521;55448000
7527;53737000
7533;54334000
7539;51581000
7545;60660000
7551;54745000
7557;53913000
7563;55752000
7569;54760000
7575;55553000
7581;55423000
7587;56684000
7593;55433000
7599;55769000
7605;52051000
7611;60618000
7617;57477000
7623;54604000
7629;57506000
7635;55201000
7641;56793000
7647;56431000
7653;54508000
7659;58361000
7665;54967000
7671;54035000
7677;57792000
7683;59627000
7689;53763000
7695;58302000
7701;56859000
7707;58501000
7713;57367000
7719;55054000
7725;57016000
7731;55134000
7737;55915000
7743;60314000
7749;57714000
7755;55131000
7761;55205000
7767;57860000
7773;58155000
7779;56802000
7785;57870000
7791;57059000
7797;56446000
7803;57389000
7809;57473000
7815;56597000
7821;56142000
7827;58714000
7833;58316000
7839;55000000
7845;57451000
7851;55278000
7857;57179000
7863;57249000
7869;59321000
7875;55708000
7881;55650000
7887;55124000
7893;56727000
7899;57314000
7905;54960000
7911;55268000
7917;57826000
7923;55683000
7929;59980000
7935;58669000
7941;55505000
7947;56531000
7953;58299000
7959;58550000
7965;55862000
7971;57686000
7977;61661000
7983;58006000
7989;61653000
7995;65667000
8001;63740000
8007;59968000
8013;58035000
8019;58420000
8025;56465000
8031;57714000
8037;57398000
8043;56613000
8049;61966000
8055;66499000
8061;66284000
8067;56812000
8073;60001000
8079;55342000
8085;59817000
8091;58439000
8097;62226000
8103;59562000
8109;60591000
8115;59381000
8121;57419000
8127;56100000
8133;56335000
8139;64285000
8145;59587000
8151;63453000
8157;60751000
8163;59320000
8169;67509000
8175;60322000
8181;63713000
8187;56923000
8193;61939000
8199;61701000
8205;62911000
8211;58793000
8217;60780000
8223;56977000
8229;67283000
8235;61743000
8241;61302000
8247;59819000
8253;63432000
8259;61527000
8265;59490000
8271;57509000
8277;62342000
8283;59549000
8289;64490000
8295;62316000
8301;62073000
8307;59300000
8313;57376000
8319;62850000
8325;62418000
8331;63531000
8337;60610000
8343;61247000
8349;64118000
8355;60265000
8361;62368000
8367;62466000
8373;58920000
8379;62534000
8385;60826000
8391;63612000
8397;59749000
8403;62446000
8409;60336000
8415;67172000
8421;59582000
8427;61374000
8433;63847000
8439;60134000
8445;62047000
8451;62932000
8457;62471000
8463;62196000
8469;64907000
8475;62613000
8481;63790000
8487;62740000
8493;60737000
8499;62942000
8505;65016000
8511;65019000
8517;61442000
8523;59643000
8529;70497000
8535;59944000
8541;62531000
8547;60297000
8553;61706000
8559;62142000
8565;60635000
8571;66646000
8577;57645000
8583;67231000
8589;62204000
8595;65033000
8601;61704000
8607;64564000
8613;61370000
8619;57807000
8625;65793000
8631;58889000
8637;66044000
8643;61642000
8649;69498000
8655;63020000
8661;63124000
8667;61691000
8673;62275000
8679;68942000
8685;65604000
8691;60066000
8697;66747000
8703;65427000
8709;65484000
8715;66331000
8721;62401000
8727;65378000
8733;62861000
8739;66119000
8745;63456000
8751;63724000
8757;63844000
8763;66427000
8769;67798000
8775;62500000
8781;64178000
8787;60970000
8793;64301000
8799;61330000
8805;64018000
8811;68795000
8817;62690000
8823;65760000
8829;63021000
8835;65197000
8841;65604000
8847;62964000
8853;66769000
8859;63141000
8865;64452000
8871;65378000
8877;66260000
8883;68921000
8889;67966000
8895;64237000
8901;65070000
8907;66153000
8913;63214000
8919;64165000
8925;65549000
8931;62518000
8937;67916000
8943;68257000
8949;66015000
8955;65419000
8961;65169000
8967;62454000
8973;65365000
8979;65396000
8985;65491000
8991;63681000
8997;68217000
9003;67060000
9009;68411000
9015;64787000
9021;65794000
9027;66844000
9033;62731000
9039;67523000
9045;66458000
9051;68646000
9057;67878000
9063;67601000
9069;67374000
9075;70331000
9081;65476000
9087;64888000
9093;64199000
9099;64188000
9105;65544000
9111;68778000
9117;67817000
9123;67964000
9129;70613000
9135;68452000
9141;64157000
9147;66613000
9153;68548000
9159;71376000
9165;68888000
9171;68338000
9177;65644000
9183;69617000
9189;67280000
9195;69381000
9201;64925000
9207;65308000
9213;65368000
9219;69608000
9225;69494000
9231;68737000
9237;67825000
9243;64934000
9249;65837000
9255;66171000
9261;68942000
9267;66508000
9273;66241000
9279;78148000
9285;71420000
9291;70953000
9297;64152000
9303;68215000
9309;71724000
9315;67116000
9321;68394000
9327;65240000
9333;71291000
9339;67944000
9345;72474000
9351;68030000
9357;67430000
9363;68795000
9369;71305000
9375;67836000
9381;64677000
9387;70947000
9393;69857000
9399;69819000
9405;66595000
9411;68591000
9417;67615000
9423;67393000
9429;67031000
9435;65576000
9441;71280000
9447;71195000
9453;66339000
9459;67066000
9465;68819000
9471;67299000
9477;66495000
9483;66667000
9489;67255000
9495;72535000
9501;69920000
9507;68700000
9513;68613000
9519;73636000
9525;70892000
9531;69147000
9537;70489000
9543;71120000
9549;73389000
9555;72235000
9561;69621000
9567;69162000
9573;67259000
9579;67293000
9585;69735000
9591;69949000
9597;69676000
9603;78351000
9609;73431000
9615;70228000
9621;69099000
9627;71325000
9633;66616000
9639;68521000
9645;67982000
9651;67717000
9657;77577000
9663;78049000
9669;68994000
9675;70457000
9681;68582000
9687;67585000
9693;69508000
9699;75658000
9705;70654000
9711;72230000
9717;75844000
9723;70557000
9729;70015000
9735;72873000
9741;73258000
9747;69806000
9753;68315000
9759;69168000
9765;79559000
9771;76753000
9777;75877000
9783;68243000
9789;70124000
9795;76566000
9801;71716000
9807;70375000
9813;68463000
9819;75846000
9825;78899000
9831;70867000
9837;70939000
9843;69079000
9849;73424000
9855;69539000
9861;68306000
9867;75210000
9873;81396000
9879;71105000
9885;68364000
9891;73911000
9897;74196000
9903;71814000
9909;73153000
9915;74368000
9921;74815000
9927;70717000
9933;77198000
9939;74565000
9945;74126000
9951;75079000
9957;76647000
9963;79066000
9969;76385000
9975;73740000
9981;70790000
9987;74957000
9993;74130000
9999;72167000
10005;74335000
10011;76127000
10017;87216000
10023;74909000
10029;74146000
10035;72840000
10041;76507000
10047;75024000
10053;75529000
10059;77147000
10065;79593000
10071;73626000
10077;73847000
10083;76803000
10089;72304000
10095;71386000
10101;74258000
10107;76362000
10113;77298000
10119;74204000
10125;69477000
10131;75679000
10137;72056000
10143;77292000
10149;75273000
10155;83809000
10161;80686000
10167;77982000
10173;75133000
10179;77423000
10185;81119000
10191;84145000
10197;85933000
10203;80727000
10209;77133000
10215;75269000
10221;76032000
10227;73581000
10233;73898000
10239;72371000
10245;74719000
10251;75093000
10257;77458000
10263;76132000
10269;72525000
10275;73147000
10281;76896000
10287;82289000
10293;75840000
10299;83767000
10305;79050000
10311;77476000
10317;77225000
10323;74725000
10329;72569000
10335;75839000
10341;77590000
10347;79230000
10353;77986000
10359;77212000
10365;77432000
10371;75225000
10377;79691000
10383;76707000
10389;75616000
10395;81091000
10401;78507000
10407;77413000
10413;75132000
10419;79885000
10425;77946000
10431;77748000
10437;73333000
10443;81717000
10449;84183000
10455;83458000
10461;75189000
10467;73853000
10473;80312000
10479;75392000
10485;72632000
10491;77603000
10497;86397000
10503;83666000
10509;75434000
10515;75141000
10521;77973000
10527;77890000
10533;79263000
10539;79896000
10545;79667000
10551;79928000
10557;80968000
10563;77921000
10569;77443000
10575;76866000
10581;79072000
10587;76428000
10593;79583000
10599;79209000
10605;79747000
10611;74566000
10617;76009000
10623;78627000
10629;82169000
10635;75566000
10641;78120000
10647;84477000
10653;78490000
10659;75500000
10665;79701000
10671;76899000
10677;78903000
10683;85024000
10689;81772000
10695;79782000
10701;80287000
10707;77392000
10713;82238000
10719;79035000
10725;75732000
10731;76730000
10737;85051000
10743;79023000
10749;82961000
10755;74753000
10761;76293000
10767;78560000
10773;79670000
10779;86054000
10785;85251000
10791;86872000
10797;80129000
10803;75796000
10809;78229000
10815;79749000
10821;80975000
10827;79263000
10833;89668000
10839;82054000
10845;83561000
10851;82279000
10857;77346000
10863;75943000
10869;79278000
10875;80916000
10881;86302000
10887;81642000
10893;79400000
10899;80505000
10905;85137000
10911;81215000
10917;80177000
10923;81963000
10929;85239000
10935;83176000
10941;81034000
10947;80607000
10953;83270000
10959;78193000
10965;82284000
10971;77496000
10977;80280000
10983;85064000
10989;80011000
10995;77774000
11001;79581000
11007;77786000
11013;77970000
11019;78788000
11025;90020000
11031;83357000
11037;82116000
11043;81056000
11049;81817000
11055;84598000
11061;82580000
11067;82333000
11073;86803000
11079;83348000
11085;81443000
11091;87564000
11097;79932000
11103;80495000
11109;79981000
11115;83209000
11121;88876000
11127;84576000
11133;82182000
11139;84223000
11145;81811000
11151;81862000
11157;81113000
11163;80958000
11169;89037000
11175;83151000
11181;82620000
11187;85211000
11193;81868000
11199;84047000
11205;81597000
11211;82163000
11217;94486000
11223;83574000
11229;85203000
11235;85028000
11241;86366000
11247;81917000
11253;81162000
11259;81257000
11265;87275000
11271;87461000
11277;83856000
11283;85884000
11289;82548000
11295;82271000
11301;84893000
11307;89532000
11313;82843000
11319;81804000
11325;91466000
11331;84566000
11337;82840000
11343;83983000
11349;81513000
11355;89744000
11361;90447000
11367;82048000
11373;81131000
11379;84726000
11385;82477000
11391;81647000
11397;82545000
11403;100272000
11409;88110000
11415;83144000
11421;92410000
11427;83231000
11433;82650000
11439;83361000
11445;92738000
11451;84209000
11457;82836000
11463;87053000
11469;89332000
11475;81466000
11481;90270000
11487;90243000
11493;83704000
11499;87780000
11505;82982000
11511;87445000
11517;88556000
11523;85685000
11529;91212000
11535;88053000
11541;87862000
11547;87590000
11553;89800000
11559;88020000
11565;82672000
11571;90539000
11577;84052000
11583;87863000
11589;87595000
11595;85121000
11601;87105000
11607;84959000
11613;93834000
11619;90238000
11625;84768000
11631;88239000
11637;86716000
11643;89928000
11649;88747000
11655;96590000
11661;90929000
11667;83752000
11673;89499000
11679;83650000
11685;91736000
11691;87525000
11697;96613000
11703;85305000
11709;87928000
11715;89736000
11721;93477000
11727;86105000
11733;88790000
11739;93308000
11745;89751000
11751;88662000
11757;92046000
11763;88780000
11769;90506000
11775;91636000
11781;97805000
11787;88539000
11793;91682000
11799;85207000
11805;89786000
11811;88797000
11817;90913000
11823;97372000
11829;89137000
11835;91588000
11841;89263000
11847;89667000
11853;88790000
11859;91743000
11865;94589000
11871;93488000
11877;87681000
11883;88410000
11889;96754000
11895;88321000
11901;95215000
11907;97414000
11913;90939000
11919;98939000
11925;91864000
11931;91724000
11937;85397000
11943;91456000
11949;96769000
11955;90648000
11961;93182000
11967;95418000
11973;89838000
11979;92313000
11985;85935000
11991;95650000
11997;96297000
12003;90800000
12009;91270000
12015;95562000
12021;88509000
12027;90399000
12033;95887000
12039;95040000
12045;87161000
12051;94419000
12057;91494000
12063;88484000
12069;93849000
12075;106009000
12081;88001000
12087;90839000
12093;95493000
12099;97958000
12105;88849000
12111;91851000
12117;100442000
12123;93048000
12129;88371000
12135;92943000
12141;97157000
12147;97670000
12153;90482000
12159;91799000
12165;94558000
12171;95407000
12177;89460000
12183;92765000
12189;96756000
12195;95664000
12201;97505000
12207;95368000
12213;97105000
12219;94377000
12225;100401000
12231;95922000
12237;93041000
12243;95113000
12249;96093000
12255;94954000
12261;104218000
12267;98075000
12273;92303000
12279;96262000
12285;98638000
12291;93951000
12297;104206000
12303;102982000
12309;100339000
12315;98679000
12321;94537000
12327;104633000
12333;102594000
12339;100479000
12345;101850000
12351;93085000
12357;100314000
12363;103429000
12369;98400000
12375;98247000
12381;99674000
12387;104189000
12393;101527000
12399;105547000
12405;95560000
12411;94785000
12417;93463000
12423;92783000
12429;101165000
12435;95768000
12441;100442000
12447;104106000
12453;97002000
12459;94710000
12465;101713000
12471;94791000
12477;105943000
12483;94515000
12489;100029000
12495;95923000
12501;93570000
12507;99137000
12513;111163000
12519;102694000
12525;101004000
12531;94841000
12537;92819000
12543;100277000
12549;101260000
12555;107892000
12561;98156000
12567;107129000
12573;112002000
12579;99826000
12585;99164000
12591;113326000
12597;103318000
12603;94370000
12609;100855000
12615;105978000
12621;98825000
12627;104180000
12633;102343000
12639;99555000
12645;94558000
12651;99099000
12657;110219000
12663;96178000
12669;101115000
12675;100094000
12681;99733000
12687;99033000
12693;105940000
12699;97388000
12705;103867000
12711;100674000
12717;109099000
12723;103230000
12729;103008000
12735;106732000
12741;104266000
12747;105109000
12753;98399000
12759;103978000
12765;99353000
12771;99215000
12777;106018000
12783;99000000
12789;99311000
12795;108326000
12801;102504000
12807;103827000
12813;101755000
12819;103020000
12825;103258000
12831;100806000
12837;106933000
12843;100891000
12849;105740000
12855;101043000
12861;117780000
12867;104501000
12873;102380000
12879;102423000
12885;108255000
12891;106117000
12897;107669000
12903;106213000
12909;100131000
12915;100866000
12921;101107000
12927;105281000
12933;108006000
12939;111872000
12945;99858000
12951;98677000
12957;99306000
12963;105062000
12969;110078000
12975;106415000
12981;109197000
12987;103223000
12993;97591000
12999;104050000
13005;108891000
13011;98515000
13017;107929000
13023;102659000
13029;98820000
13035;106640000
13041;102027000
13047;107746000
13053;99952000
13059;101891000
13065;106055000
13071;97717000
13077;108337000
13083;100260000
13089;103502000
13095;106934000
13101;98020000
13107;101175000
13113;111626000
13119;97743000
13125;108803000
13131;101783000
13137;102043000
13143;101194000
13149;108109000
13155;104567000
13161;136642000
13167;137446000
13173;123638000
13179;115962000
13185;105138000
13191;102941000
13197;99770000
13203;105762000
13209;103727000
13215;110037000
13221;104089000
13227;108832000
13233;100561000
13239;103525000
13245;111379000
13251;105655000
13257;105360000
13263;112253000
13269;103180000
13275;103231000
13281;111770000
13287;109452000
13293;99816000
13299;107588000
13305;108544000
13311;108797000
13317;107180000
13323;99850000
13329;103273000
13335;104343000
13341;104047000
13347;107033000
13353;103703000
13359;119857000
13365;116412000
13371;117077000
13377;117965000
13383;109009000
13389;110990000
13395;101442000
13401;104368000
13407;104453000
13413;114395000
13419;104437000
13425;106203000
13431;111657000
13437;108165000
13443;128228000
13449;138125000
13455;116571000
13461;111161000
13467;110914000
13473;124357000
13479;109736000
13485;118740000
13491;117756000
13497;117858000
13503;125415000
13509;117618000
13515;112485000
13521;110447000
13527;122913000
13533;120159000
13539;111448000
13545;109723000
13551;106947000
13557;115474000
13563;129196000
13569;113356000
13575;105903000
13581;106897000
13587;105948000
13593;104431000
13599;117334000
13605;113408000
13611;110651000
13617;103073000
13623;110181000
13629;120106000
13635;107699000
13641;101101000
13647;110077000
13653;104600000
13659;108123000
13665;119574000
13671;104769000
13677;107969000
13683;104670000
13689;113849000
13695;113101000
13701;112734000
13707;106467000
13713;106709000
13719;105742000
13725;105964000
13731;113844000
13737;113442000
13743;113672000
13749;107627000
13755;110495000
13761;109581000
13767;119162000
13773;110003000
13779;110593000
13785;105966000
13791;106786000
13797;107422000
13803;119028000
13809;108589000
13815;108820000
13821;112288000
13827;109626000
13833;105360000
13839;117445000
13845;107192000
13851;108709000
13857;107470000
13863;108753000
13869;109617000
13875;116349000
13881;112944000
13887;109609000
13893;113792000
13899;105881000
13905;110970000
13911;113939000
13917;109180000
13923;105920000
13929;112376000
13935;114341000
13941;110027000
13947;114337000
13953;106794000
13959;116616000
13965;111987000
13971;119513000
13977;109416000
13983;118760000
13989;109756000
13995;107015000
14001;120922000
14007;108229000
14013;110675000
14019;108779000
14025;111230000
14031;116385000
14037;119281000
14043;113982000
14049;113057000
14055;114211000
14061;113307000
14067;120005000
14073;112560000
14079;108996000
14085;108284000
14091;113104000
14097;112530000
14103;109960000
14109;113789000
14115;121919000
14121;119441000
14127;122346000
14133;114100000
14139;109529000
14145;109183000
14151;114069000
14157;106806000
14163;123849000
14169;108963000
14175;118836000
14181;114253000
14187;109573000
14193;120587000
14199;118980000
14205;107977000
14211;118071000
14217;111792000
14223;123727000
14229;115325000
14235;107662000
14241;115877000
14247;108034000
14253;109198000
14259;122768000
14265;115411000
14271;108307000
14277;114498000
14283;115171000
14289;120166000
14295;113435000
14301;108425000
14307;120306000
14313;120359000
14319;132628000
14325;116488000
14331;110966000
14337;116592000
14343;112880000
14349;118994000
14355;109693000
14361;108550000
14367;116468000
14373;113226000
14379;113143000
14385;128453000
14391;108610000
14397;112955000
14403;112853000
14409;115194000
14415;115105000
14421;116355000
14427;110036000
14433;109574000
14439;110621000
14445;120527000
14451;115810000
14457;118241000
14463;114212000
14469;119275000
14475;131402000
14481;117906000
14487;110524000
14493;109250000
14499;112066000
14505;109781000
14511;122443000
14517;112584000
14523;109715000
14529;120294000
14535;121472000
14541;118103000
14547;120814000
14553;115713000
14559;117325000
14565;125421000
14571;120674000
14577;111203000
14583;123945000
14589;111128000
14595;131502000
14601;119580000
14607;115988000
14613;121050000
14619;109708000
14625;124569000
14631;119454000
14637;115696000
14643;118354000
14649;112435000
14655;122066000
14661;115362000
14667;119187000
14673;118542000
14679;121079000
14685;120162000
14691;121953000
14697;116469000
14703;116969000
14709;111270000
14715;126709000
14721;121920000
14727;110714000
14733;117105000
14739;115772000
14745;118167000
14751;123527000
14757;122485000
14763;113715000
14769;115502000
14775;111706000
14781;126740000
14787;112766000
14793;118189000
14799;119946000
14805;120745000
14811;125048000
14817;123173000
14823;118870000
14829;116700000
14835;134540000
14841;123776000
14847;122735000
14853;114369000
14859;119900000
14865;131823000
14871;126126000
14877;123294000
14883;118463000
14889;132955000
14895;112264000
14901;114242000
14907;117022000
14913;115191000
14919;124350000
14925;113989000
14931;122871000
14937;122947000
14943;117901000
14949;130679000
14955;119603000
14961;117572000
14967;123890000
14973;111406000
14979;117256000
14985;124833000
14991;120937000
14997;115168000
15003;116464000
15009;126992000
15015;117162000
15021;124607000
15027;118537000
15033;126324000
15039;133283000
15045;112008000
15051;114562000
15057;116143000
15063;119010000
15069;127966000
15075;123315000
15081;116949000
15087;119188000
15093;116381000
15099;127557000
15105;121686000
15111;120234000
15117;124492000
15123;117658000
15129;134180000
15135;120515000
15141;128649000
15147;126267000
15153;124182000
15159;125338000
15165;125033000
15171;119995000
15177;120857000
15183;122529000
15189;134229000
15195;117946000
15201;144987000
15207;135658000
15213;117936000
15219;130703000
15225;127346000
15231;119371000
15237;129659000
15243;117510000
15249;124557000
15255;129279000
15261;118897000
15267;117795000
15273;126308000
15279;128704000
15285;116903000
15291;121372000
15297;117118000
15303;119479000
15309;120402000
15315;131027000
15321;120086000
15327;126525000
15333;124093000
15339;120136000
15345;121057000
15351;118227000
15357;123599000
15363;123536000
15369;134186000
15375;121212000
15381;124135000
15387;124299000
15393;133665000
15399;123021000
15405;118018000
15411;118735000
15417;118800000
15423;125146000
15429;148670000
15435;128097000
15441;128797000
15447;126078000
15453;131585000
15459;129064000
15465;120691000
15471;134920000
15477;125113000
15483;130015000
15489;126432000
15495;126737000
15501;128644000
15507;127354000
15513;134250000
15519;129001000
15525;130516000
15531;124402000
15537;124863000
15543;132269000
15549;125925000
15555;126563000
15561;125863000
15567;150696000
15573;148959000
15579;125880000
15585;124872000
15591;123822000
15597;122304000
15603;130656000
15609;132299000
15615;132228000
15621;119515000
15627;120664000
15633;121315000
15639;119061000
15645;119577000
15651;119037000
15657;134048000
15663;125432000
15669;125953000
15675;125670000
15681;129296000
15687;132964000
15693;119344000
15699;119499000
15705;121830000
15711;137201000
15717;132232000
15723;127552000
15729;132429000
15735;131546000
15741;122072000
15747;119134000
15753;124074000
15759;131085000
15765;132731000
15771;124560000
15777;120086000
15783;118182000
15789;126155000
15795;139635000
15801;130213000
15807;129616000
15813;119763000
15819;122787000
15825;125536000
15831;125481000
15837;124756000
15843;120559000
15849;132076000
15855;126030000
15861;130131000
15867;121742000
15873;119601000
15879;129457000
15885;128176000
15891;127872000
15897;128026000
15903;126680000
15909;133480000
15915;130446000
15921;122996000
15927;125917000
15933;132369000
15939;123861000
15945;123922000
15951;124379000
15957;125104000
15963;126348000
15969;124072000
15975;128322000
15981;121925000
15987;126843000
15993;136396000
15999;128509000
16005;127333000
16011;128613000
16017;126833000
16023;130538000
16029;127713000
16035;128510000
16041;127189000
16047;137503000
16053;130071000
16059;129699000
16065;128950000
16071;138445000
16077;129906000
16083;132391000
16089;121176000
16095;126664000
16101;136109000
16107;129549000
16113;130873000
16119;126582000
16125;124558000
16131;131593000
16137;129306000
16143;129745000
16149;124808000
16155;123144000
16161;136790000
16167;129337000
16173;131130000
16179;128817000
16185;133690000
16191;133658000
16197;126764000
16203;130326000
16209;135532000
16215;128529000
16221;128916000
16227;129210000
16233;138438000
16239;129403000
16245;127790000
16251;128783000
16257;129738000
16263;135271000
16269;137324000
16275;130918000
16281;130284000
16287;138512000
16293;131218000
16299;129327000
16305;141096000
16311;130943000
16317;141275000
16323;132000000
16329;127457000
16335;134691000
16341;127800000
16347;130462000
16353;137408000
16359;133974000
16365;143408000
16371;136594000
16377;127536000
16383;137366000
16389;129687000
16395;132185000
16401;135414000
16407;128452000
16413;135790000
16419;140222000
16425;129457000
16431;131873000
16437;128683000
16443;143863000
16449;133530000
16455;129397000
16461;131427000
16467;127031000
16473;141382000
16479;129383000
16485;128725000
16491;135349000
16497;131355000
16503;131292000
16509;131611000
16515;129713000
16521;131563000
16527;138776000
16533;128471000
16539;135643000
16545;129738000
16551;132678000
16557;131758000
16563;148245000
16569;130904000
16575;136053000
16581;151005000
16587;131381000
16593;129033000
16599;142512000
16605;134016000
16611;127727000
16617;128700000
16623;141665000
16629;138741000
16635;131656000
16641;133726000
16647;136011000
16653;134417000
16659;132880000
16665;138872000
16671;132534000
16677;137766000
16683;130467000
16689;133493000
16695;140102000
16701;139066000
16707;130897000
16713;130065000
16719;138312000
16725;148544000
16731;141446000
16737;140336000
16743;140328000
16749;146758000
16755;139274000
16761;132192000
16767;134444000
16773;137672000
16779;139364000
16785;138337000
16791;133284000
16797;132600000
16803;136745000
16809;138400000
16815;139050000
16821;140912000
16827;142853000
16833;131765000
16839;128065000
16845;133766000
16851;149197000
16857;140928000
16863;140269000
16869;138875000
16875;145654000
16881;133402000
16887;127506000
16893;128676000
16899;133200000
16905;141551000
16911;132767000
16917;143148000
16923;138472000
16929;145691000
16935;140551000
16941;138934000
16947;141017000
16953;145033000
16959;133103000
16965;138817000
16971;128199000
16977;135029000
16983;133370000
16989;136651000
16995;128085000
17001;148540000
17007;132619000
17013;138273000
17019;143130000
17025;139444000
17031;138792000
17037;140292000
17043;133064000
17049;138155000
17055;138259000
17061;143535000
17067;142033000
17073;141921000
17079;139198000
17085;132155000
17091;147085000
17097;131039000
17103;129093000
17109;137556000
17115;143160000
17121;146867000
17127;140574000
17133;141526000
17139;147107000
17145;140112000
17151;140637000
17157;139060000
17163;143468000
17169;139533000
17175;134964000
17181;137053000
17187;143617000
17193;148958000
17199;141294000
17205;140880000
17211;140906000
17217;143982000
17223;140997000
17229;146668000
17235;134836000
17241;154197000
17247;140982000
17253;143511000
17259;140694000
17265;144545000
17271;141653000
17277;134268000
17283;146302000
17289;145317000
17295;142460000
17301;143014000
17307;142216000
17313;133348000
17319;150192000
17325;142741000
17331;142074000
17337;147620000
17343;134509000
17349;139058000
17355;141903000
17361;152892000
17367;142843000
17373;137077000
17379;140138000
17385;147515000
17391;144229000
17397;140714000
17403;140303000
17409;148498000
17415;143197000
17421;144020000
17427;139538000
17433;150769000
17439;141980000
17445;142665000
17451;139753000
17457;147765000
17463;142394000
17469;145622000
17475;138971000
17481;145540000
17487;142457000
17493;137784000
17499;139086000
17505;149694000
17511;138558000
17517;137539000
17523;143190000
17529;154734000
17535;138928000
17541;147504000
17547;139848000
17553;149934000
17559;151070000
17565;142924000
17571;136812000
17577;143985000
17583;146555000
17589;138946000
17595;141557000
17601;151801000
17607;142161000
17613;143319000
17619;142832000
17625;149361000
17631;142058000
17637;138789000
17643;143288000
17649;137726000
17655;151693000
17661;144214000
17667;137035000
17673;140861000
17679;140635000
17685;148978000
17691;145722000
17697;143942000
17703;145175000
17709;144776000
17715;143590000
17721;138575000
17727;150672000
17733;158318000
17739;144442000
17745;152158000
17751;141960000
17757;150053000
17763;138860000
17769;143636000
17775;139235000
17781;148214000
17787;140052000
17793;146491000
17799;140201000
17805;151651000
17811;140056000
17817;152648000
17823;138364000
17829;156701000
17835;139538000
17841;142207000
17847;137709000
17853;163913000
17859;145741000
17865;146876000
17871;141472000
17877;157070000
17883;145751000
17889;141313000
17895;137493000
17901;149486000
17907;155699000
17913;146173000
17919;150531000
17925;152666000
17931;142908000
17937;142431000
17943;144751000
17949;162056000
17955;142406000
17961;152156000
17967;136946000
17973;143336000
17979;155581000
17985;144925000
17991;140521000
17997;155045000
18003;145367000
18009;153022000
18015;144695000
18021;149806000
18027;151824000
18033;145483000
18039;139026000
18045;157013000
18051;144484000
18057;140708000
18063;149717000
18069;150067000
18075;142580000
18081;146382000
18087;145344000
18093;146891000
18099;151747000
18105;144449000
18111;141504000
18117;158958000
18123;151380000
18129;143055000
18135;138007000
18141;153187000
18147;149063000
18153;142982000
18159;154866000
18165;161838000
18171;147393000
18177;143014000
18183;153447000
18189;158979000
18195;147293000
18201;140612000
18207;148240000
18213;164377000
18219;153819000
18225;147871000
18231;143451000
18237;158212000
18243;151537000
18249;143848000
18255;146407000
18261;161156000
18267;151693000
18273;155429000
18279;143770000
18285;146356000
18291;151111000
18297;150625000
18303;154945000
18309;161045000
18315;145943000
18321;146505000
18327;153946000
18333;159487000
18339;149896000
18345;153983000
18351;143287000
18357;149191000
18363;151625000
18369;151684000
18375;147046000
18381;159624000
18387;152744000
18393;152985000
18399;145188000
18405;147933000
18411;142095000
18417;151894000
18423;154614000
18429;152147000
18435;157007000
18441;154882000
18447;155245000
18453;158502000
18459;150792000
18465;153290000
18471;143270000
18477;149329000
18483;143418000
18489;144520000
18495;144180000
18501;154333000
18507;156986000
18513;149799000
18519;145441000
18525;152426000
18531;154170000
18537;149495000
18543;151351000
18549;152369000
18555;158534000
18561;154951000
18567;151660000
18573;151796000
18579;160180000
18585;148493000
18591;154959000
18597;150515000
18603;160041000
18609;158742000
18615;148573000
18621;150782000
18627;156112000
18633;142265000
18639;150732000
18645;155441000
18651;159259000
18657;153368000
18663;151923000
18669;153008000
18675;164311000
18681;160001000
18687;152716000
18693;154455000
18699;161731000
18705;149902000
18711;161545000
18717;154731000
18723;154599000
18729;156809000
18735;155453000
18741;153000000
18747;164170000
18753;155299000
18759;157119000
18765;160415000
18771;166079000
18777;156506000
18783;153515000
18789;154027000
18795;157850000
18801;155649000
18807;156644000
18813;154093000
18819;162613000
18825;152371000
18831;155165000
18837;156622000
18843;163702000
18849;153978000
18855;157363000
18861;155524000
18867;162329000
18873;162267000
18879;156535000
18885;162667000
18891;157176000
18897;154091000
18903;156265000
18909;162271000
18915;153531000
18921;153463000
18927;162142000
18933;164170000
18939;154679000
18945;152091000
18951;155112000
18957;168840000
18963;156716000
18969;176468000
18975;162933000
18981;162626000
18987;154352000
18993;156432000
18999;173872000
19005;153835000
19011;153129000
19017;161050000
19023;165815000
19029;155069000
19035;158185000
19041;161789000
19047;170002000
19053;155523000
19059;166464000
19065;158725000
19071;160929000
19077;165220000
19083;154394000
19089;171638000
19095;163280000
19101;155991000
19107;159175000
19113;170075000
19119;155165000
19125;163136000
19131;162285000
19137;154290000
19143;162826000
19149;185904000
19155;176093000
19161;162456000
19167;155682000
19173;174508000
19179;165908000
19185;161119000
19191;167458000
19197;172420000
19203;174513000
19209;157451000
19215;162206000
19221;159787000
19227;157577000
19233;161627000
19239;160500000
19245;169690000
19251;155810000
19257;162828000
19263;173370000
19269;162003000
19275;166056000
19281;162956000
19287;160814000
19293;159888000
19299;151157000
19305;162958000
19311;162985000
19317;157730000
19323;170036000
19329;156479000
19335;166369000
19341;156334000
19347;169368000
19353;158197000
19359;163092000
19365;154848000
19371;161209000
19377;163655000
19383;153874000
19389;163574000
19395;154805000
19401;162415000
19407;155278000
19413;171689000
19419;154325000
19425;161522000
19431;168880000
19437;155911000
19443;158911000
19449;156664000
19455;172051000
19461;156348000
19467;166027000
19473;167381000
19479;155811000
19485;162125000
19491;157307000
19497;171403000
19503;160128000
19509;154383000
19515;168566000
19521;161167000
19527;155143000
19533;161097000
19539;152139000
19545;165251000
19551;160048000
19557;157873000
19563;162769000
19569;170175000
19575;155972000
19581;165869000
19587;162108000
19593;163954000
19599;164939000
19605;163337000
19611;160180000
19617;165977000
19623;159989000
19629;158752000
19635;170323000
19641;166262000
19647;163077000
19653;163819000
19659;167154000
19665;163542000
19671;156562000
19677;173701000
19683;167936000
19689;162202000
19695;163066000
19701;161296000
19707;165890000
19713;163137000
19719;165466000
19725;165268000
19731;166003000
19737;164399000
19743;164822000
19749;166331000
19755;165848000
19761;170890000
19767;166360000
19773;156253000
19779;157789000
19785;173843000
19791;165068000
19797;163913000
19803;163381000
19809;166182000
19815;165146000
19821;164661000
19827;168048000
19833;164836000
19839;160003000
19845;169295000
19851;172389000
19857;167073000
19863;173207000
19869;163357000
19875;165065000
19881;166538000
19887;168627000
19893;173165000
19899;166164000
19905;162357000
19911;172331000
19917;170666000
19923;157941000
19929;172701000
19935;163952000
19941;168467000
19947;167318000
19953;176079000
19959;165752000
19965;163186000
19971;168082000
19977;175746000
19983;168647000
19989;166649000
19995;164094000
20001;169165000
20007;165473000
20013;168337000
20019;168534000
20025;168025000
20031;163380000
20037;174431000
20043;166224000
20049;161669000
20055;164828000
20061;177453000
20067;169993000
20073;174603000
20079;168634000
20085;174732000
20091;168764000
20097;171679000
20103;167087000
20109;171501000
20115;166634000
20121;166067000
20127;167516000
20133;177306000
20139;172259000
20145;165834000
20151;171240000
20157;167186000
20163;178169000
20169;177892000
20175;166574000
20181;165663000
20187;169207000
20193;173453000
20199;165328000
20205;165482000
20211;168192000
20217;168264000
20223;166774000
20229;167824000
20235;175619000
20241;162204000
20247;173872000
20253;175425000
20259;168667000
20265;162496000
20271;174149000
20277;163194000
20283;171569000
20289;159348000
20295;185824000
20301;168306000
20307;166117000
20313;171501000
20319;166430000
20325;167800000
20331;172960000
20337;170792000
20343;178349000
20349;167936000
20355;173051000
20361;167790000
20367;172694000
20373;177157000
20379;165231000
20385;162026000
20391;163051000
20397;182423000
20403;167045000
20409;169530000
20415;171685000
20421;169250000
20427;173752000
20433;168947000
20439;173454000
20445;167987000
20451;178821000
20457;172546000
20463;176695000
20469;166128000
20475;176740000
20481;171018000
20487;166422000
20493;165553000
20499;167636000
20505;173825000
20511;168431000
20517;169937000
20523;180660000
20529;172769000
20535;171929000
20541;176657000
20547;176408000
20553;169761000
20559;163232000
20565;177998000
20571;167101000
20577;167094000
20583;184096000
20589;164747000
20595;168291000
20601;186610000
20607;169552000
20613;166566000
20619;181594000
20625;170442000
20631;167129000
20637;172877000
20643;169070000
20649;170366000
20655;173836000
20661;170037000
20667;179110000
20673;170815000
20679;167586000
20685;169560000
20691;167337000
20697;182302000
20703;171109000
20709;164837000
20715;177159000
20721;170949000
20727;174116000
20733;164221000
20739;174984000
20745;173774000
20751;163572000
20757;173834000
20763;180141000
20769;174824000
20775;166712000
20781;169990000
20787;170914000
20793;169965000
20799;165094000
20805;174813000
20811;170918000
20817;165680000
20823;175084000
20829;172328000
20835;176566000
20841;177241000
20847;173613000
20853;171379000
20859;173486000
20865;179242000
20871;178773000
20877;165518000
20883;174234000
20889;167521000
20895;173018000
20901;182419000
20907;168259000
20913;173233000
20919;164762000
20925;182864000
20931;167374000
20937;175334000
20943;170613000
20949;172747000
20955;177740000
20961;174916000
20967;177058000
20973;171577000
20979;174825000
20985;177781000
20991;168548000
20997;177655000
21003;169184000
21009;180227000
21015;166816000
21021;178551000
21027;177849000
21033;168868000
21039;189912000
21045;182940000
21051;167223000
21057;188259000
21063;171704000
21069;173306000
21075;180997000
21081;171331000
21087;175212000
21093;194850000
21099;174342000
21105;172195000
21111;183097000
21117;172126000
21123;172034000
21129;178300000
21135;178427000
21141;177602000
21147;175297000
21153;175977000
21159;178913000
21165;175194000
21171;185245000
21177;167746000
21183;176766000
21189;186687000
21195;167942000
21201;177502000
21207;176553000
21213;185319000
21219;168716000
21225;176244000
21231;180607000
21237;185199000
21243;174510000
21249;176494000
21255;175022000
21261;180640000
21267;180996000
21273;167296000
21279;176531000
21285;187831000
21291;173407000
21297;166656000
21303;177971000
21309;178101000
21315;180793000
21321;179772000
21327;168608000
21333;172881000
21339;182457000
21345;186699000
21351;177048000
21357;175461000
21363;179393000
21369;182752000
21375;183355000
21381;191244000
21387;180913000
21393;174375000
21399;184047000
21405;170573000
21411;175051000
21417;181101000
21423;190001000
21429;183403000
21435;176665000
21441;180729000
21447;184470000
21453;174289000
21459;181045000
21465;177018000
21471;176390000
21477;195984000
21483;188140000
21489;183417000
21495;192502000
21501;179584000
21507;182303000
21513;199386000
21519;185333000
21525;176638000
21531;185002000
21537;172484000
21543;176552000
21549;178618000
21555;185532000
21561;178316000
21567;177435000
21573;182038000
21579;189241000
21585;178308000
21591;179520000
21597;189440000
21603;179708000
21609;180346000
21615;179776000
21621;189680000
21627;183282000
21633;176802000
21639;179960000
21645;189095000
21651;176464000
21657;176635000
21663;181559000
21669;194492000
21675;178699000
21681;173297000
21687;190066000
21693;178279000
21699;176082000
21705;185619000
21711;177010000
21717;180043000
21723;191848000
21729;178933000
21735;184841000
21741;189565000
21747;183228000
21753;182141000
21759;177775000
21765;179983000
21771;177856000
21777;176746000
21783;185185000
21789;179070000
21795;182076000
21801;186455000
21807;183926000
21813;180317000
21819;190963000
21825;174888000
21831;183373000
21837;188805000
21843;178519000
21849;179803000
21855;194158000
21861;188151000
21867;178937000
21873;183824000
21879;187130000
21885;178171000
21891;187778000
21897;184842000
21903;181816000
21909;184438000
21915;188564000
21921;189439000
21927;180246000
21933;185115000
21939;179755000
21945;178792000
21951;197002000
21957;179509000
21963;183157000
21969;194408000
21975;187130000
21981;180284000
21987;190131000
21993;179833000
21999;185333000
22005;185847000
22011;180715000
22017;182434000
22023;186825000
22029;192460000
22035;182112000
22041;180672000
22047;193752000
22053;189662000
22059;180945000
22065;184928000
22071;192133000
22077;182508000
22083;179402000
22089;192931000
22095;180914000
22101;180177000
22107;196053000
22113;180924000
22119;183465000
22125;185125000
22131;182612000
22137;178965000
22143;195568000
22149;178744000
22155;178873000
22161;188516000
22167;183124000
22173;190252000
22179;186645000
22185;178130000
22191;188063000
22197;194683000
22203;182761000
22209;188625000
22215;190683000
22221;190138000
22227;182545000
22233;192297000
22239;193008000
22245;180067000
22251;191181000
22257;182778000
22263;183406000
22269;185944000
22275;183540000
22281;187989000
22287;185290000
22293;196077000
22299;181657000
22305;186809000
22311;188111000
22317;187474000
22323;183023000
22329;204228000
22335;179684000
22341;185790000
22347;199092000
22353;182778000
22359;189241000
22365;192560000
22371;189745000
22377;185678000
22383;192959000
22389;184849000
22395;186680000
22401;187411000
22407;189436000
22413;184254000
22419;196849000
22425;195129000
22431;185082000
22437;198462000
22443;187308000
22449;191324000
22455;193220000
22461;192574000
22467;186005000
22473;199802000
22479;185966000
22485;184738000
22491;201722000
22497;183978000
22503;196754000
22509;193822000
22515;190100000
22521;185470000
22527;188143000
22533;189679000
22539;182836000
22545;198877000
22551;197750000
22557;183507000
22563;197725000
22569;191142000
22575;186321000
22581;200473000
22587;185372000
22593;188887000
22599;191586000
22605;183016000
22611;188715000
22617;197584000
22623;186607000
22629;186925000
22635;197694000
22641;183006000
22647;190542000
22653;190843000
22659;192324000
22665;216191000
22671;194421000
22677;189216000
22683;185024000
22689;197775000
22695;196931000
22701;198264000
22707;203059000
22713;210645000
22719;222827000
22725;193807000
22731;193592000
22737;205373000
22743;185397000
22749;193947000
22755;208032000
22761;216393000
22767;192038000
22773;205663000
22779;207412000
22785;201086000
22791;196235000
22797;195361000
22803;194189000
22809;190667000
22815;208869000
22821;184231000
22827;191229000
22833;194868000
22839;192109000
22845;187842000
22851;198311000
22857;203648000
22863;201427000
22869;208429000
22875;186717000
22881;193005000
22887;188309000
22893;192141000
22899;192276000
22905;196528000
22911;186628000
22917;186998000
22923;200069000
22929;182314000
22935;188889000
22941;189200000
22947;196223000
22953;193191000
22959;193525000
22965;200176000
22971;193507000
22977;182589000
22983;196707000
22989;198369000
22995;195533000
23001;198870000
23007;193725000
23013;187350000
23019;197046000
23025;190361000
23031;189291000
23037;195824000
23043;192167000
23049;183748000
23055;203558000
23061;193823000
23067;194294000
23073;194771000
23079;195452000
23085;188832000
23091;194303000
23097;197137000
23103;191653000
23109;194335000
23115;198058000
23121;189496000
23127;202085000
23133;197886000
23139;194174000
23145;197849000
23151;192467000
23157;193728000
23163;194930000
23169;192035000
23175;190294000
23181;196499000
23187;195560000
23193;191236000
23199;196390000
23205;195978000
23211;203742000
23217;205906000
23223;196592000
23229;189721000
23235;200782000
23241;188341000
23247;193184000
23253;199266000
23259;196420000
23265;190136000
23271;197113000
23277;193593000
23283;194235000
23289;197809000
23295;202360000
23301;191551000
23307;201293000
23313;190426000
23319;190470000
23325;195093000
23331;194466000
23337;193426000
23343;200887000
23349;190776000
23355;186939000
23361;201998000
23367;190149000
23373;191051000
23379;206453000
23385;195191000
23391;191920000
23397;201429000
23403;194068000
23409;194274000
23415;205116000
23421;188232000
23427;187906000
23433;199912000
23439;195860000
23445;201407000
23451;197763000
23457;189900000
23463;191753000
23469;198100000
23475;207883000
23481;188599000
23487;205412000
23493;192305000
23499;199880000
23505;204164000
23511;194585000
23517;192639000
23523;213072000
23529;193001000
23535;191983000
23541;201537000
23547;203456000
23553;190629000
23559;199401000
23565;192459000
23571;202088000
23577;197156000
23583;190744000
23589;202441000
23595;204861000
23601;197202000
23607;193482000
23613;208356000
23619;194502000
23625;195107000
23631;205498000
23637;193673000
23643;191419000
23649;205985000
23655;192171000
23661;193744000
23667;203890000
23673;192871000
23679;194412000
23685;202510000
23691;193839000
23697;203008000
23703;200015000
23709;196623000
23715;201429000
23721;205151000
23727;193896000
23733;203875000
23739;207043000
23745;208103000
23751;192403000
23757;201732000
23763;205645000
23769;198934000
23775;209400000
23781;196704000
23787;204070000
23793;200710000
23799;194844000
23805;198702000
23811;204422000
23817;202894000
23823;193610000
23829;209200000
23835;193948000
23841;206257000
23847;203465000
23853;203935000
23859;192893000
23865;197467000
23871;200549000
23877;191971000
23883;203376000
23889;194909000
23895;198693000
23901;205490000
23907;199608000
23913;192820000
23919;207817000
23925;194521000
23931;198683000
23937;208926000
23943;195500000
23949;203907000
23955;200113000
23961;199903000
23967;193426000
23973;213572000
23979;195268000
23985;204706000
23991;202355000
23997;200210000
24003;202803000
24009;203715000
24015;208045000
24021;191866000
24027;216550000
24033;196546000
24039;202338000
24045;207468000
24051;193140000
24057;204165000
24063;203323000
24069;205261000
24075;203419000
24081;202165000
24087;201249000
24093;203476000
24099;199970000
24105;207206000
24111;195359000
24117;204326000
24123;200676000
24129;201292000
24135;210998000
24141;210235000
24147;199375000
24153;220023000
24159;204364000
24165;196027000
24171;210570000
24177;204493000
24183;201126000
24189;213280000
24195;203870000
24201;203742000
24207;202205000
24213;206277000
24219;207091000
24225;204731000
24231;203997000
24237;208793000
24243;215558000
24249;202713000
24255;214973000
24261;221508000
24267;198190000
24273;201044000
24279;234132000
24285;208259000
24291;207406000
24297;214764000
24303;203500000
24309;210998000
24315;224392000
24321;198948000
24327;205532000
24333;223987000
24339;208180000
24345;201915000
24351;209200000
24357;209893000
24363;205880000
24369;207254000
24375;198843000
24381;207971000
24387;220060000
24393;208856000
24399;204981000
24405;209969000
24411;199227000
24417;208543000
24423;220690000
24429;209050000
24435;203849000
24441;213706000
24447;213499000
24453;199425000
24459;213465000
24465;208323000
24471;202964000
24477;217880000
24483;208829000
24489;206714000
24495;212828000
24501;198610000
24507;204501000
24513;209735000
24519;212365000
24525;209636000
24531;205726000
24537;204245000
24543;202397000
24549;215943000
24555;202784000
24561;206789000
24567;214513000
24573;212166000
24579;212515000
24585;226853000
24591;215663000
24597;218193000
24603;215609000
24609;215037000
24615;216157000
24621;224723000
24627;215403000
24633;214799000
24639;221400000
24645;214278000
24651;218003000
24657;226465000
24663;218258000
24669;211524000
24675;227986000
24681;216425000
24687;217162000
24693;216791000
24699;225200000
24705;213683000
24711;220656000
24717;217032000
24723;217720000
24729;218962000
24735;211696000
24741;215566000
24747;218988000
24753;220304000
24759;220277000
24765;226353000
24771;214998000
24777;216491000
24783;230062000
24789;221350000
24795;227942000
24801;232099000
24807;227672000
24813;217283000
24819;232218000
24825;217977000
24831;214367000
24837;229962000
24843;222443000
24849;212197000
24855;225000000
24861;216916000
24867;221931000
24873;221621000
24879;220620000
24885;215279000
24891;227298000
24897;227383000
24903;220175000
24909;220796000
24915;217686000
24921;226055000
24927;221941000
24933;214454000
24939;213650000
24945;237926000
24951;215933000
24957;221409000
24963;225067000
24969;229089000
24975;217030000
24981;221176000
24987;216500000
24993;224893000
24999;227806000
25005;215408000
25011;225579000
25017;221647000
25023;214403000
25029;220069000
25035;230792000
25041;216691000
25047;215654000
25053;231488000
25059;222759000
25065;218883000
25071;233235000
25077;211277000
25083;220644000
25089;230300000
25095;217892000
25101;216339000
25107;236124000
25113;222406000
25119;218448000
25125;230385000
25131;218023000
25137;226174000
25143;219825000
25149;212883000
25155;225634000
25161;221521000
25167;224852000
25173;217420000
25179;230006000
25185;226113000
25191;215647000
25197;228048000
25203;218586000
25209;218635000
25215;233720000
25221;217907000
25227;220868000
25233;220140000
25239;231542000
25245;216604000
25251;232857000
25257;217853000
25263;218462000
25269;231522000
25275;211490000
25281;228355000
25287;225272000
25293;231370000
25299;221182000
25305;237503000
25311;218108000
25317;230123000
25323;226710000
25329;221072000
25335;216952000
25341;229435000
25347;218866000
25353;232635000
25359;230362000
25365;227426000
25371;218483000
25377;227086000
25383;218895000
25389;220466000
25395;238422000
25401;221579000
25407;225574000
25413;221664000
25419;224117000
25425;217939000
25431;231961000
25437;221923000
25443;226503000
25449;236121000
25455;216763000
25461;223343000
25467;220874000
25473;229709000
25479;232776000
25485;228657000
25491;227229000
25497;217552000
25503;231458000
25509;230074000
25515;221523000
25521;240070000
25527;228230000
25533;213527000
25539;242889000
25545;218645000
25551;229377000
25557;230055000
25563;222475000
25569;226442000
25575;230078000
25581;220608000
25587;228934000
25593;239372000
25599;219876000
25605;230569000
25611;229066000
25617;218157000
25623;230617000
25629;239308000
25635;233280000
25641;214296000
25647;233666000
25653;227619000
25659;219522000
25665;230315000
25671;224237000
25677;224947000
25683;226506000
25689;230967000
25695;220515000
25701;230499000
25707;218257000
25713;231257000
25719;233877000
25725;229282000
25731;214789000
25737;236632000
25743;223792000
25749;225199000
25755;229186000
25761;227484000
25767;227755000
25773;236006000
25779;233382000
25785;215287000
25791;238576000
25797;221821000
25803;224497000
25809;231411000
25815;224905000
25821;220974000
25827;234096000
25833;229829000
25839;223714000
25845;240711000
25851;225968000
25857;225640000
25863;231907000
25869;231448000
25875;232878000
25881;233680000
25887;230865000
25893;220591000
25899;232141000
25905;219285000
25911;228094000
25917;237825000
25923;231644000
25929;229734000
25935;239961000
25941;221405000
25947;228736000
25953;239358000
25959;216828000
25965;229936000
25971;233582000
25977;229800000
25983;231809000
25989;237569000
25995;227600000
26001;234255000
26007;238766000
26013;234378000
26019;229018000
26025;239551000
26031;220007000
26037;227047000
26043;236865000
26049;232244000
26055;232687000
26061;239545000
26067;225846000
26073;229597000
26079;245793000
26085;223637000
26091;233737000
26097;246500000
26103;225121000
26109;228085000
26115;240333000
26121;227614000
26127;229692000
26133;242858000
26139;228248000
26145;231307000
26151;237479000
26157;227807000
26163;234739000
26169;236945000
26175;232090000
26181;224203000
26187;236621000
26193;230823000
26199;233809000
26205;234493000
26211;235296000
26217;227239000
26223;239266000
26229;225035000
26235;237022000
26241;239815000
26247;227414000
26253;223708000
26259;230863000
26265;246848000
26271;253313000
26277;229915000
26283;226480000
26289;240755000
26295;235882000
26301;229605000
26307;221375000
26313;237865000
26319;225017000
26325;234936000
26331;248231000
26337;226355000
26343;230858000
26349;232053000
26355;226796000
26361;226733000
26367;243456000
26373;232787000
26379;237644000
26385;233387000
26391;232405000
26397;250856000
26403;221848000
26409;230850000
26415;239128000
26421;228419000
26427;239365000
26433;245904000
26439;224270000
26445;227260000
26451;246333000
26457;227479000
26463;233915000
26469;234531000
26475;243173000
26481;230496000
26487;248867000
26493;228948000
26499;240927000
26505;238996000
26511;230260000
26517;241055000
26523;237869000
26529;230897000
26535;227016000
26541;248591000
26547;226656000
26553;234564000
26559;242137000
26565;230786000
26571;231132000
26577;252453000
26583;228366000
26589;231221000
26595;243554000
26601;227510000
26607;229615000
26613;245948000
26619;229405000
26625;225483000
26631;252430000
26637;223154000
26643;234145000
26649;244267000
26655;230267000
26661;228483000
26667;249695000
26673;232766000
26679;244186000
26685;237275000
26691;226395000
26697;238665000
26703;238710000
26709;238677000
26715;230033000
26721;238745000
26727;238692000
26733;226575000
26739;245170000
26745;230145000
26751;232367000
26757;239395000
26763;225418000
26769;241981000
26775;236889000
26781;236232000
26787;235204000
26793;244755000
26799;228985000
26805;257505000
26811;244079000
26817;251900000
26823;263550000
26829;246688000
26835;228809000
26841;262128000
26847;225833000
26853;241095000
26859;231907000
26865;241744000
26871;226476000
26877;253265000
26883;228579000
26889;239778000
26895;234484000
26901;245523000
26907;228596000
26913;245995000
26919;228278000
26925;234729000
26931;253817000
26937;229396000
26943;237492000
26949;232072000
26955;242936000
26961;234813000
26967;254305000
26973;239657000
26979;235153000
26985;272539000
26991;234358000
26997;237531000
27003;248632000
27009;237842000
27015;240923000
27021;247508000
27027;241996000
27033;240253000
27039;244069000
27045;241676000
27051;232254000
27057;248770000
27063;238673000
27069;229027000
27075;252844000
27081;235561000
27087;229753000
27093;250002000
27099;237561000
27105;231796000
27111;245988000
27117;237454000
27123;227301000
27129;246480000
27135;243130000
27141;228730000
27147;249159000
27153;237222000
27159;227406000
27165;248230000
27171;240227000
27177;227000000
27183;246028000
27189;243605000
27195;246287000
27201;240583000
27207;237040000
27213;251281000
27219;256013000
27225;236492000
27231;249576000
27237;239455000
27243;243644000
27249;238945000
27255;248006000
27261;235595000
27267;253788000
27273;236147000
27279;241145000
27285;252374000
27291;238636000
27297;245667000
27303;246374000
27309;238931000
27315;240055000
27321;251603000
27327;238405000
27333;232408000
27339;252452000
27345;241897000
27351;240978000
27357;256872000
27363;245887000
27369;236384000
27375;239970000
27381;246406000
27387;247035000
27393;255664000
27399;237759000
27405;241806000
27411;247190000
27417;242849000
27423;238830000
27429;251101000
27435;242875000
27441;246317000
27447;249532000
27453;245326000
27459;232171000
27465;254077000
27471;238624000
27477;241294000
27483;251714000
27489;242792000
27495;238807000
27501;253150000
27507;241135000
27513;243378000
27519;255449000
27525;249310000
27531;233445000
27537;241470000
27543;242005000
27549;247446000
27555;245897000
27561;240641000
27567;246623000
27573;253996000
27579;244702000
27585;245533000
27591;260816000
27597;239116000
27603;244967000
27609;243082000
27615;246783000
27621;245574000
27627;249485000
27633;239344000
27639;247694000
27645;255421000
27651;239833000
27657;240828000
27663;251782000
27669;243301000
27675;244407000
27681;247600000
27687;242371000
27693;254790000
27699;249328000
27705;241700000
27711;251838000
27717;250597000
27723;245801000
27729;243677000
27735;252808000
27741;242457000
27747;247302000
27753;253957000
27759;244392000
27765;241619000
27771;261463000
27777;239877000
27783;259401000
27789;251579000
27795;246130000
27801;247080000
27807;260120000
27813;242033000
27819;264371000
27825;241198000
27831;250617000
27837;254964000
27843;242839000
27849;253942000
27855;257277000
27861;248180000
27867;244237000
27873;249772000
27879;242506000
27885;246027000
27891;249097000
27897;253738000
27903;243777000
27909;249725000
27915;253017000
27921;241988000
27927;255600000
27933;245956000
27939;240072000
27945;242278000
27951;262588000
27957;236082000
27963;240866000
27969;249492000
27975;253797000
27981;244823000
27987;243821000
27993;245179000
27999;257947000
28005;281152000
28011;246324000
28017;248386000
28023;263661000
28029;242709000
28035;261299000
28041;257439000
28047;247726000
28053;256143000
28059;250221000
28065;253566000
28071;243390000
28077;270684000
28083;245064000
28089;249512000
28095;246123000
28101;240761000
28107;249871000
28113;253277000
28119;249267000
28125;251769000
28131;256960000
28137;252643000
28143;250896000
28149;252959000
28155;252091000
28161;243371000
28167;256899000
28173;253099000
28179;245692000
28185;251842000
28191;250615000
28197;241397000
28203;260471000
28209;241334000
28215;242299000
28221;265910000
28227;244342000
28233;258488000
28239;243724000
28245;243100000
28251;255114000
28257;243382000
28263;258472000
28269;250478000
28275;252796000
28281;251897000
28287;255304000
28293;256615000
28299;236189000
28305;269084000
28311;247938000
28317;262843000
28323;246970000
28329;254163000
28335;261915000
28341;248738000
28347;241901000
28353;258380000
28359;244207000
28365;248681000
28371;252634000
28377;253273000
28383;245732000
28389;267423000
28395;240999000
28401;255845000
28407;259903000
28413;256095000
28419;245666000
28425;263427000
28431;244410000
28437;265755000
28443;246207000
28449;251492000
28455;262471000
28461;241271000
28467;255097000
28473;250887000
28479;251002000
28485;249541000
28491;254290000
28497;255070000
28503;257090000
28509;248522000
28515;248939000
28521;267074000
28527;249746000
28533;259653000
28539;255087000
28545;266860000
28551;268388000
28557;260914000
28563;259689000
28569;261639000
28575;249917000
28581;264323000
28587;257219000
28593;250324000
28599;261119000
28605;256076000
28611;249428000
28617;264560000
28623;255785000
28629;249579000
28635;257273000
28641;251206000
28647;251065000
28653;256981000
28659;251863000
28665;247170000
28671;259413000
28677;253171000
28683;252214000
28689;263813000
28695;253177000
28701;251441000
28707;248604000
28713;251815000
28719;261874000
28725;256876000
28731;245234000
28737;260024000
28743;257527000
28749;253369000
28755;250186000
28761;253650000
28767;255529000
28773;266893000
28779;245213000
28785;256395000
28791;263228000
28797;259459000
28803;244413000
28809;261934000
28815;251179000
28821;253621000
28827;264842000
28833;247549000
28839;251421000
28845;262309000
28851;254268000
28857;253215000
28863;248195000
28869;254199000
28875;257786000
28881;261062000
28887;252907000
28893;257976000
28899;250511000
28905;250781000
28911;260712000
28917;254662000
28923;252738000
28929;258158000
28935;249120000
28941;246471000
28947;269560000
28953;252405000
28959;247812000
28965;257915000
28971;259954000
28977;255506000
28983;262680000
28989;252297000
28995;247683000
29001;262945000
29007;252754000
29013;256961000
29019;264009000
29025;256532000
29031;257453000
29037;278614000
29043;261930000
29049;258688000
29055;253106000
29061;262199000
29067;255241000
29073;266573000
29079;263107000
29085;254819000
29091;263687000
29097;261113000
29103;272592000
29109;269393000
29115;270354000
29121;273776000
29127;282301000
29133;266937000
29139;267649000
29145;257223000
29151;264199000
29157;257815000
29163;255790000
29169;262553000
29175;259109000
29181;260147000
29187;250582000
29193;260876000
29199;257422000
29205;254183000
29211;263695000
29217;259363000
29223;256651000
29229;267822000
29235;253888000
29241;272002000
29247;264345000
29253;256365000
29259;260573000
29265;255776000
29271;269317000
29277;257755000
29283;255470000
29289;256651000
29295;260016000
29301;252658000
29307;267235000
29313;256877000
29319;266342000
29325;269996000
29331;256268000
29337;261370000
29343;288047000
29349;294921000
29355;300965000
29361;320808000
29367;301918000
29373;306670000
29379;290425000
29385;282798000
29391;281484000
29397;287703000
29403;277202000
29409;268471000
29415;274227000
29421;293150000
29427;264605000
29433;271919000
29439;281621000
29445;286028000
29451;308517000
29457;264556000
29463;288696000
29469;301295000
29475;290079000
29481;292951000
29487;280359000
29493;278696000
29499;281769000
29505;284427000
29511;292835000
29517;278330000
29523;273695000
29529;300908000
29535;290094000
29541;279112000
29547;278475000
29553;266089000
29559;268547000
29565;269854000
29571;295910000
29577;304524000
29583;342503000
29589;310632000
29595;266679000
29601;264053000
29607;274959000
29613;313624000
29619;299055000
29625;288383000
29631;264236000
29637;262409000
29643;282433000
29649;270789000
29655;269484000
29661;285710000
29667;280582000
29673;261113000
29679;265633000
29685;268313000
29691;254284000
29697;277471000
29703;257133000
29709;259122000
29715;277655000
29721;259110000
29727;258646000
29733;271674000
29739;258829000
29745;276236000
29751;255029000
29757;263695000
29763;268369000
29769;261819000
29775;285133000
29781;276564000
29787;294893000
29793;300299000
29799;278488000
29805;283177000
29811;283925000
29817;297974000
29823;264823000
29829;284681000
29835;279631000
29841;270110000
29847;258638000
29853;276976000
29859;280544000
29865;277619000
29871;274640000
29877;275959000
29883;268147000
29889;273919000
29895;279363000
29901;276773000
29907;273745000
29913;274643000
29919;269371000
29925;276107000
29931;266778000
29937;276613000
29943;264311000
29949;282614000
29955;264400000
29961;287299000
29967;269938000
29973;280154000
29979;262302000
29985;273180000
29991;268526000
29997;271538000
